name,Abstract,Introduction,Background,Related_Work,Methods,Results,Discussion,Conclusion
Computational Complexity,1.4947575473641317,0.92708297638003,1.2576269752579035,1.2439511159946846,1.3446042807570802,0.9097389565340983,1.2578562431760039,1.4613286884042602
Logic in Computer Science,1.4222767465124073,0.92698414655821,1.1792071047558634,1.1937866308192582,1.473455535435466,1.240138571170355,1.179988497612874,1.3195814563914907
Artificial Intelligence,1.4208520856726525,1.0535848430395962,1.3915622384879642,1.1015218349493283,1.218257987850041,1.0279588614977526,1.1124376647938181,1.353802535705007
Computation and Language,1.1385996951174846,0.8099623162763647,1.0830085477036104,0.7947688857408446,0.9171461389686839,0.7591053645596691,0.9415071162938564,1.1075551152723493
Computational Geometry,1.531617683172156,0.952550647514356,1.1313434523799726,1.1131333759820314,1.1490261542620461,1.2037351783557773,1.3084135441703106,1.5782308195004449
Data Structures and Algorithms,1.561595632025009,0.9941437296332692,1.3493447211152074,1.274053355685521,1.2889541388571715,1.1781734449091128,1.3512571415154015,1.6368560317935625
Sound,1.168299735165832,0.8141065005429909,1.1079404779248165,0.9521752455271718,0.9451388158906486,0.8361933464657295,1.0500628894303017,1.2249802627915394
Networking and Internet Architecture,1.2957195347070256,0.9354134914309927,1.0878674022899286,1.0839804636644415,1.3701055825692676,1.0312724735384569,1.0514065351979476,1.2798284348119167
"Distributed, Parallel, and Cluster Computing",1.4339732669999838,1.0238781044533602,1.2432134509729016,1.108816177019504,1.185605422635359,1.0852009516390644,1.1482181744283235,1.411637023111063
Computer Science and Game Theory,1.387292941190683,0.9228009297274977,1.2342789674754049,1.2528514983216334,1.4122528752176218,0.9910621653088006,1.069068855576216,1.3406880216213264
Performance,1.3116916359913067,0.9641419030148707,1.1171881208744514,1.1290426920572305,1.286821704156725,1.0005619156280825,1.1607259969219659,1.2797221512254178
Programming Languages,1.4591914946450784,1.071451800491047,1.2253528997239174,1.1378266476227095,1.1839191329596714,1.2018377301001164,1.05927994394974,1.3774559534287814
Cryptography and Security,1.3619294745698838,0.9771485102067334,1.1847100876763175,1.0353441987747038,1.1899325267671153,1.0398952362107194,0.9757910915164294,1.335055958592765
"Computational Engineering, Finance, and Science",1.307775798133368,0.9236396472329186,1.2908355322924396,1.2120695599598326,1.0433801228158952,0.8879595346482924,0.8811181527479218,1.2007967846491119
Neural and Evolutionary Computation,1.2451156696901946,0.945877852953197,1.186778142832558,0.933113411543036,0.9857121605223237,0.906946007678552,0.9717673268155484,1.1595936068097006
Mathematical Software,1.415171605693974,1.0954338327427362,1.3291954137998352,1.0232516750370095,1.226116660172573,1.0640995198966317,1.1644563348875763,1.3078036365258858
Discrete Mathematics,1.4839480425306284,0.9234527032092453,1.1731797428193884,1.434359420554232,1.1402139741165525,0.9605373830902811,1.3616288231581404,1.4787221347604447
Software Engineering,1.4413598678047448,1.0502308540856486,1.109063046048477,1.04196811019743,0.9580203902919932,0.9192399268509636,0.8634700652635194,1.2469653522156554
Information Theory,1.2817892197467355,0.8448396045217194,1.2015037356542106,1.2200237708324968,1.7222779397203953,1.1029269893834868,1.1602967998753644,1.2470078249546637
Numerical Analysis,1.3380888833691773,0.8572797905162375,1.194376482393928,1.1139566444887454,1.3408059416302462,1.059097698341808,1.073163931214399,1.227037505517513
Graphics,1.3521125166727421,0.9969871945973938,1.4364786325415584,0.8236957881143452,1.081636559541184,1.043063496266311,1.112594442133269,1.3297424958569712
Databases,1.5764640802106191,1.068907574553549,1.3365879703301229,1.251753301371001,1.2664132911325041,1.0536597776292362,1.1554088378132978,1.5099821305038337
Digital Libraries,1.2881603069111722,0.8894561686097003,1.0509918969161678,0.9997842398514225,1.0942340541027478,0.7555297480659833,0.7305725744364198,1.1546196551594954
Computer Vision and Pattern Recognition,0.967995535231414,0.7025545627486899,1.3368408855550673,0.6979147060425047,0.8300100588767515,0.7414269403627388,0.9358811770329282,1.0853937189865597
Multiagent Systems,1.46766071786235,1.111732142743939,1.4477390255923734,1.273014792285757,1.3493851116485311,1.1066728893206572,1.0576302935449726,1.3945807213306602
Operating Systems,1.2074172623296255,0.8632842160325795,0.7275405623828882,0.8587702625564935,0.9953472143244291,0.6861719629931705,0.8037538919374192,1.126293565849895
Symbolic Computation,1.3604073762886966,0.8943156372542881,0.9563150007027207,1.104453645436894,1.0005080515338893,1.2740162195920597,1.2646022939584933,1.3329547037762741
Information Retrieval,1.3472017248326869,0.9234911475739228,1.2479887859579708,0.934192979264223,0.972160244323848,0.8891251187538403,0.9670917003741758,1.2050970059393376
Hardware Architecture,1.1289061592876428,0.897824208954962,1.0761696764282715,0.8800972957450204,0.9351645874084171,0.8742746992873152,1.002815035752235,1.1494717467445665
Machine Learning,1.3227117637040324,0.944936719925668,1.4117706953032336,1.00724965190092,1.3777465521430787,1.0256163402761143,1.1129667412934958,1.3339442797938756
Robotics,1.2267748123756501,0.9166110206749425,1.3906620384577058,0.8976234146149098,1.004150265817142,0.9683245712558934,0.9886201695200908,1.1969837188204768
Computers and Society,1.2327927006388473,0.8716611710446427,0.9204861829837175,0.9260166946210913,1.045446142982418,0.8360004302725415,0.7746986982806475,1.116628295661261
Social and Information Networks,1.2146261809673167,0.8958580073650962,1.339095056334724,1.0543654898038703,1.1918986952071027,0.7822629678761839,0.8231018256088491,1.101497293015201
Systems and Control,1.399978549196296,1.0029054353495817,1.4523141468790954,1.0690135196152677,1.665555211288225,1.1281096662230803,1.0591639318581922,1.336641792444771
Human-Computer Interaction,1.2697104383516136,0.9238738600920822,1.0201615774031063,0.9409967186578084,0.9914875676161398,0.9368323169171695,0.8237817493942683,1.1849097884176607
Emerging Technologies,1.278560467624945,1.0118735128909628,1.1454526903963032,1.042899550989119,1.094757844850866,0.9135246616870317,0.9172317404582795,1.3303532519284396
Multimedia,1.1668656420938321,0.8859890756399424,1.2500563878278683,0.923490424928055,1.0240417401942044,0.9604499913796921,1.1846387523350617,1.1985589785363688
Formal Languages and Automata Theory,1.4154316719006377,1.0032483076530214,1.1222777854059056,1.3137537814559572,1.4002290499286518,1.08398108700513,1.2428718217312587,1.4346857792700944
