name,Abstract,Introduction,Background,Related_Work,Methods,Results,Discussion,Conclusion
Computational Complexity,1.4840099773304611,0.9371066569660867,1.201577628655305,1.3581506852900302,1.30829897348498,0.9042160435093777,1.2842592704881484,1.4884716935766018
Logic in Computer Science,1.5524364577009222,1.0727078363484512,1.174734806220378,1.331314532689676,1.430880173241315,1.2801031852447857,1.3057799564520534,1.4656448839748255
Artificial Intelligence,1.4550108055845685,1.0963667390768352,1.4366868395006993,1.159504645162485,1.2468276171179578,1.0364459026154564,1.146769848378015,1.3809554307134584
Computation and Language,1.066886630383615,0.7831444836283387,1.0549401967430942,0.7901304905069544,0.8992141675022635,0.7283062516643672,0.8932993657350966,0.9914647656783943
Computational Geometry,1.5157821476614144,0.9985305066564449,1.1825998074177704,1.0739743994723945,1.1476560043310837,1.203563152319409,1.3774794268348036,1.6067649923195375
Data Structures and Algorithms,1.5815261247520662,1.0370649515111654,1.4079138796596415,1.1958989669421662,1.3023989071833642,1.204573341753496,1.4654327166759948,1.674503873135344
Sound,1.0136597276140564,0.7355334882729389,1.13217383029322,0.8678256195717168,0.889802034620172,0.7566511892908233,0.8994630063495119,1.0298516867906442
Networking and Internet Architecture,1.2656834233990533,0.9437979561169365,1.092774965693515,1.1146679337337535,1.3603755166113136,1.005472952231987,1.043704753351337,1.2512677998034885
"Distributed, Parallel, and Cluster Computing",1.3637715345840167,0.9970193320326431,1.206607502481837,1.0917100753314979,1.1812054273860058,1.0366312623469094,1.1064146890350215,1.336061883002839
Computer Science and Game Theory,1.3373542993684358,0.9362212516169484,1.169366646045742,1.209766329864615,1.4438527205223501,0.9984443751690599,1.097516757367849,1.3170138006834247
Performance,1.3375198149537155,0.9509385974663866,1.1831831450441763,1.1527133747506586,1.3533659762037584,0.9854328525661032,1.066922030500717,1.219865621502568
Programming Languages,1.3646694695305974,1.0324278864277316,1.242595742746408,1.0936597097036345,1.1321046102264278,1.1574816945458526,1.008157510037248,1.3438006886818425
Cryptography and Security,1.3727135313159038,1.0029272372878348,1.1826054784775677,1.0882048557813797,1.1969746760225135,1.019805668570597,0.9974569679527209,1.3391835409554165
"Computational Engineering, Finance, and Science",1.3087948405633754,0.9201557461932054,1.3492469291450835,1.246622666028897,1.0622409845488812,0.8749261626264554,0.907310480570915,1.1962385658675767
Neural and Evolutionary Computation,1.2652755885623015,0.9700026729280118,1.2060136124574679,0.9312901685837571,1.0352575804963866,0.9463060574811962,0.9883789681621749,1.2129973497187856
Mathematical Software,1.479310740610763,1.121576300528249,1.4540767933897998,0.9685537214952834,1.2079623015927143,1.0563478552547148,1.1957321030528822,1.3655479351291042
Discrete Mathematics,1.5340290190562782,0.9751255915943357,1.1352939308691372,1.3595059893621717,1.1832131935727215,0.9691228445931881,1.4891521436167023,1.5498792732005144
Software Engineering,1.39445250213875,1.0252853066100678,1.1181891399420376,1.029099122224919,0.9526629847142455,0.8859702201537777,0.8495113873086522,1.2776483673853907
Information Theory,1.3233640665985233,0.9050411278792011,1.2522063786009907,1.2797552559974474,1.8463470652949612,1.1169907242106352,1.1408647959547749,1.2512332255543686
Numerical Analysis,1.303159363198893,0.8432245026557522,1.2545984862726307,1.1574634314229195,1.4235802423737596,1.0212789684546435,1.0090830252315386,1.2082455114786619
Graphics,1.4016178816590732,1.0551838799735256,1.5006579033567167,0.8902616233252105,1.0567439481089353,1.0674332784340599,1.0678702203986499,1.3856138658151418
Databases,1.5757408769985297,1.0893101948720112,1.3112727283085317,1.267514028831529,1.2784771606207004,1.0808088509383225,1.1922372755149042,1.5082271539735859
Digital Libraries,1.1960994936154914,0.9079300964022156,1.1006148428089098,0.9600937409994044,1.1366801581624055,0.6945867250591019,0.7086880561613847,1.074052972692309
Computer Vision and Pattern Recognition,1.0589155724188422,0.7755762340249315,1.4178469509855836,0.7780543916758571,0.9014902066318993,0.7696641699762196,1.0080931118317935,1.1707602347488597
Multiagent Systems,1.4728569188361176,1.0900221317834504,1.3921271717381536,1.267316243508767,1.3686031217140082,1.1583918112893554,1.1147910032746162,1.4102608247667472
Operating Systems,1.2590250328851598,0.8244351654417308,0.7064772910285109,0.8737344120299431,0.9769203909636688,0.7041282793760065,0.7750776185659954,1.2223628633037507
Symbolic Computation,1.4359149378333331,0.9560951594783309,0.9073212640342134,1.2791585976733926,0.9587563068160657,1.2390336464026428,1.2195698593466737,1.4619266559530988
Information Retrieval,1.3618674332281069,0.9668612872561471,1.3612818934999316,0.978628589615172,1.0391174179257794,0.9110153162226856,1.0022878105608723,1.2091568788366454
Hardware Architecture,1.1160159526776128,0.8752993896447665,1.0120285072203319,0.8669904043559309,0.9625955710541405,0.8585546015885835,0.8705268531179539,1.1191490096492849
Machine Learning,1.3269147954973175,0.9454223920615639,1.4581560823589905,1.013121714321965,1.4366180348925743,1.0427354841485135,1.1060286028304445,1.351144509832593
Robotics,1.2703502378889617,0.9848784700834365,1.4020325887470997,0.9429083707559476,1.0245108912856171,0.9981048756598437,1.0467566333763811,1.2612169487979634
Computers and Society,1.2178829861729057,0.8964916875802785,0.9518258101280697,0.9462468401419122,1.0786066533020258,0.8324965447464923,0.7976871213588168,1.1144639799933893
Social and Information Networks,1.179584878236431,0.8813029925598996,1.298662978661377,1.0582207849228182,1.2474020610827286,0.7920756483515814,0.8171750048489795,1.0866369164978096
Systems and Control,1.4290141668298044,0.9664627776625564,1.4080642311086833,1.1054523607702873,1.665436457677054,1.2067773284517014,1.1451568013526627,1.4054648483866903
Human-Computer Interaction,1.2582221686267239,0.9369227512319017,1.0418883613103498,0.9698642743345477,0.9813230132973619,1.0046345390576101,0.8689074049395772,1.1771074806437776
Emerging Technologies,1.2743754592410184,1.0086983726220817,1.246742573894018,1.0053048268265112,1.0595679350841491,0.9089272209525834,0.8845212488141397,1.304119631600341
Multimedia,1.1930261180744028,0.9224839626281899,1.199948064337131,0.905366027076153,1.0280070712257698,0.9537786956756622,1.1669643436119956,1.2320598121952733
Formal Languages and Automata Theory,1.4992542981339467,1.0960847045994366,1.0797371689853112,1.3160915769149384,1.304046486218518,1.0249880621708436,1.2712091478763312,1.500107415414765
