name,Abstract,Introduction,Background,Related_Work,Methods,Results,Discussion,Conclusion
Computational Complexity,1.5653874569099853,0.993305618639346,1.3043882534656879,1.2531465086927862,1.398043065139972,0.9191052841910068,1.386451335389885,1.5335769845172442
Logic in Computer Science,1.4621169489080479,1.051062323064033,1.321946370183438,1.2702130554149014,1.423278855886348,1.2832675183360858,1.2689251167335558,1.4375297958197546
Artificial Intelligence,1.3777764394127574,1.0577111747689778,1.4872467071748698,1.1136679724516962,1.1860062980988104,0.9802836475846585,1.099997471488137,1.3247977935042072
Computation and Language,1.0016695848530432,0.7426183128452297,1.0672316228573808,0.7388531819786053,0.8746972124705321,0.6830666052661988,0.8671517198865158,0.9365864134748912
Computational Geometry,1.4827909007355564,0.978207700619583,1.1913141248361858,1.1532274866258716,1.1303903806316067,1.1468163989141962,1.3804057366479678,1.5228395839878301
Data Structures and Algorithms,1.5599757380972745,1.020064599015086,1.4062611666113662,1.2098714277232916,1.279884606463783,1.1525227260102193,1.4180618073425482,1.6352581554303534
Sound,0.9567357702187673,0.734237883536206,1.0333848296433719,0.8255331100893242,0.8263818891411838,0.7362522249715044,0.9156906570851403,0.9539589491024704
Networking and Internet Architecture,1.2556828060937386,0.9285975608264659,1.1801222894583498,1.0849518744073372,1.3804181210459987,0.9844290892066507,1.0184888298274066,1.2220425653743299
"Distributed, Parallel, and Cluster Computing",1.434777314535862,1.025568873873523,1.2617953120441678,1.144201008043809,1.20483153274656,1.0415969645734142,1.1356427306584516,1.3728906487527652
Computer Science and Game Theory,1.3467840846831767,0.9378486915213705,1.241285223289115,1.196675599985085,1.440999390385517,0.995223973206917,1.097932648380387,1.3197156968809114
Performance,1.3811062969116288,0.9627605917790325,1.15593844170105,1.1995542031173398,1.3397401184122542,0.9892647839897463,1.1504687975036003,1.2860298192212396
Programming Languages,1.479842945479612,1.1051176579032584,1.3454599165823102,1.173358715703906,1.2116002114763502,1.159884896454544,1.1190318826257173,1.44160258657681
Cryptography and Security,1.3655199320028275,1.0093555637298248,1.2481514745726736,1.0571515715043671,1.2053265870091159,1.0292314851679025,0.977650517410289,1.32180216251355
"Computational Engineering, Finance, and Science",1.2336582237346772,0.8906971782766152,1.3455673290381394,1.1912053569445626,1.0843781010724176,0.857154471160851,0.8891463718243893,1.1326078848231895
Neural and Evolutionary Computation,1.2178238573544695,0.9351109157262235,1.140478673456439,0.8803240001171562,0.9811711204547728,0.8915697946876323,0.9400366163536951,1.1537996417713268
Mathematical Software,1.4237495466051093,1.0809289017900094,1.356331394635378,1.0462976289505699,1.2418228654569312,0.9998188911947002,1.1534390691019236,1.2800805089763465
Discrete Mathematics,1.5049613696059327,0.9731859437226481,1.2587622969432768,1.366745648776551,1.1061688298613706,0.915000291746777,1.3842967352159683,1.4892829627779025
Software Engineering,1.3990881728279945,1.0281940598234938,1.152501638766402,1.0376448540528624,0.9400252754016998,0.8622567789523922,0.8158591843170118,1.2544805553035996
Information Theory,1.292344379569723,0.8771971505718669,1.2483117592086503,1.2345362573032936,1.7462556158165388,1.0769127657573185,1.1797693597369232,1.2356309893704176
Numerical Analysis,1.2703396445084394,0.8538013851441091,1.209750409260642,1.1090545563776752,1.3748895861854507,0.983556179054016,1.0888442097072655,1.1571605420157738
Graphics,1.3842010445162156,1.0166005480073255,1.4789965571677743,0.8488775379185938,1.0630254783704425,0.990010743152352,1.0595328062112976,1.3308280589914474
Databases,1.6229632210324525,1.0922617212152081,1.430249608127941,1.3121202640954093,1.2969035407882918,1.0536814432242156,1.1360098121346691,1.5250288541155517
Digital Libraries,1.1182994746007588,0.8357589398485017,1.0202367875780662,0.8797148768212097,1.0921121385929897,0.6342800073820143,0.7031841499373938,0.9854835894831878
Computer Vision and Pattern Recognition,0.8714767952414857,0.6743034428886442,1.389662859059793,0.6863968651078327,0.8193950619586414,0.6958226650234182,0.8675899062879453,0.935927521655218
Multiagent Systems,1.4343530295304083,1.0839200823405553,1.4977690039926113,1.2058034799847004,1.3801154515375338,1.0922094236220141,1.0621438115809259,1.3399481581325798
Operating Systems,1.2729855020682952,0.90333491769598,0.9024313665717144,0.8637000974258053,1.0140985670013827,0.7873745349323512,0.7655235989230394,1.1786898625958868
Symbolic Computation,1.5130511937294955,0.9805344376030483,1.0881029656309864,1.2595136364866262,1.0455783230996805,1.1604826667925086,1.2136804555865792,1.4624832150833649
Information Retrieval,1.2785580040239157,0.8931103546300385,1.3188806137374456,0.9264763414472561,0.9811017998470672,0.8516461754116889,0.9342555680472936,1.1715406727282747
Hardware Architecture,1.1547287084073001,0.9290837247065987,1.1238961325979329,0.9302393858177415,1.0036645493511542,0.9315792285672972,0.9362923333258689,1.2309084673601505
Machine Learning,1.2791671981937003,0.9348053402437094,1.4824116246877734,0.9758578500922422,1.405027748326058,1.0161122063271693,1.0819025984563024,1.2523190731660903
Robotics,1.2077943453653497,0.9131262782343472,1.5023006657320768,0.8782514569828256,1.0185131474016391,0.9380357260345239,0.9698300546741635,1.1953197057247757
Computers and Society,1.0887861557486254,0.8295565346355579,0.939360986293318,0.8551153394579767,1.0096167410559025,0.7767533633248868,0.714165041890103,1.009308254263486
Social and Information Networks,1.114480879322863,0.841956457115774,1.3620796319264845,0.999212635373217,1.21171743291217,0.7623403778266319,0.7825029334765401,1.084094444358185
Systems and Control,1.3907030465516583,0.9987304824160358,1.498703758627266,1.0396797271009113,1.6883781459164167,1.1362735297387494,1.060903802933219,1.3487159550833778
Human-Computer Interaction,1.1975718277723164,0.891796018814409,0.9770715839056597,0.9091791458293679,0.952362499639917,0.9494325088391355,0.8199457350057133,1.1669483519538333
Emerging Technologies,1.2408886169136226,0.977292589191234,1.278172354929351,0.9324600392336664,1.0212322097651718,0.8947916480447451,0.8476231394811056,1.2986409414642106
Multimedia,1.1257619122741125,0.8681290798652297,1.2398119127219847,0.874689316821673,1.037999083340815,0.942136637643086,1.129381022091349,1.1753182332606633
Formal Languages and Automata Theory,1.445406670208127,1.0513123539382996,1.2123342147371752,1.3472264965045302,1.3404840049655167,1.0310754700890694,1.2524418024571884,1.5328283986403684
