name,Abstract,Introduction,Background,Related_Work,Methods,Results,Discussion,Conclusion
Computational Complexity,1.4947443792587858,0.9242631694500701,1.2963825879584334,1.3615416258602198,1.312362311001708,0.8626378062563866,1.3404357409421328,1.4598526372326197
Logic in Computer Science,1.4149708628350317,0.9618939456752837,1.2743375075000678,1.2321786627741442,1.4128070673079824,1.222764830209001,1.1787990173535337,1.3704775770103048
Artificial Intelligence,1.3931937320345533,1.042398736543837,1.4542907087658674,1.0923966680485298,1.194872917719576,0.9863282657796025,1.1135890725971926,1.3233309160623081
Computation and Language,1.063132822380922,0.7814288974083511,1.0534882163615424,0.7780095894574951,0.8786473990787662,0.7124679590657252,0.9017447274089854,0.9943945664855615
Computational Geometry,1.4697848597406091,0.9474841374308598,1.2077924848864514,1.1448190219240604,1.14459150143799,1.1886553778064632,1.4316145710083443,1.5342741958432822
Data Structures and Algorithms,1.5581283291065364,0.981091330566827,1.4140465085503318,1.2098438525130322,1.275926760720197,1.1013604366861989,1.367538147348013,1.6350404894410278
Sound,0.9495906269631977,0.7449104586773404,1.0555560430427635,0.8311533969040489,0.7853042215013368,0.7130019498923511,0.9153482653468494,0.9942123154001223
Networking and Internet Architecture,1.236292523261193,0.9151247385679375,1.1608616438925972,1.0590186358716118,1.3630435192044212,0.9697374802654989,1.0044253563177978,1.2055024743045362
"Distributed, Parallel, and Cluster Computing",1.4332030435656498,1.0053124181631201,1.288517766077363,1.1247684027529152,1.2091132080337545,1.03403021915554,1.1643477506496076,1.4027762807473265
Computer Science and Game Theory,1.3330828974923543,0.9148140735397936,1.2789224776437214,1.218662793654701,1.4443590950230232,0.974993493926124,1.0742349723565348,1.3220286711702385
Performance,1.3101469721981895,0.9380311481300322,1.1793704711304733,1.1128577754035323,1.3350942783513677,0.9869803182938192,1.1279539157804002,1.261153480534901
Programming Languages,1.4599841093244614,1.079208802897107,1.350042292885455,1.1665661357576957,1.1941269329046507,1.1618774665248561,1.0707901715694585,1.4170627062592625
Cryptography and Security,1.3595165985545317,1.0028122265137631,1.2115162505776313,1.0632506196972413,1.1865920581095502,1.0054118332806457,0.9777885641873332,1.3223738151163764
"Computational Engineering, Finance, and Science",1.2648543156832743,0.8944792782482379,1.3819262513466823,1.2800049562806586,1.116503200849347,0.8432603988416063,0.8927937855228656,1.1791539117727192
Neural and Evolutionary Computation,1.2245379188419534,0.9459250122490156,1.1975619864302436,0.8910520230100872,1.0059817969367413,0.9020992116361259,0.9374177955701779,1.1570458962643642
Mathematical Software,1.525159326198483,1.140605916457073,1.4011533896627841,1.085149532010603,1.2785148151079266,1.1126146044029028,1.264451663003618,1.405455766867897
Discrete Mathematics,1.4303705709553134,0.9266350644881364,1.2197616661776303,1.3975145971265042,1.091675815693934,0.9033889414289372,1.3358067757922645,1.455896852985185
Software Engineering,1.4005644233977042,1.0147229430961553,1.1939921122920971,1.0287818371955224,0.9372673354230141,0.8547230789097103,0.8267910444863976,1.2947517607639725
Information Theory,1.2817609736725804,0.8606556068955797,1.3029446905483135,1.2361561507440018,1.7744325723859453,1.0131459676249392,1.126883992537701,1.20641182004805
Numerical Analysis,1.324954866120032,0.8615787175169234,1.3488184174472322,1.0801274594239125,1.4546857920485567,1.0354860883981205,1.1254138273025294,1.2252584121219163
Graphics,1.3376939880497198,1.0136702140587397,1.5752348837058183,0.8612060233179247,1.072296093943331,1.06694304390736,1.0682825678994612,1.354068803107195
Databases,1.5821670630889133,1.0644212225940668,1.4380832829034034,1.279255722840522,1.325005034490445,1.0534129717272178,1.1718380912743827,1.5224483762539134
Digital Libraries,1.1067656418697704,0.8576733439334688,1.0602838237806653,0.9311954546780101,0.9875391962192127,0.6840205037603021,0.7165768571626797,1.0024530018356774
Computer Vision and Pattern Recognition,0.9027286908988974,0.6983610736103267,1.38964766963712,0.7114388984448907,0.8408937937363286,0.6906467231877917,0.8832607519590016,0.9733952562396343
Multiagent Systems,1.4603096970409193,1.0679610940466446,1.5575944446528305,1.2469573766233384,1.334526001870167,1.0821465736216953,1.098392022834361,1.3879992692397636
Operating Systems,1.3435075319124907,0.940045076965729,0.9141085921125669,0.8655113618017398,1.0096814269803371,0.7979474989674701,0.9000070210598653,1.294472777400653
Symbolic Computation,1.461690957301328,0.9180830318830813,1.0887484802001757,1.2908046433853029,1.0464968404187092,1.2371740945050573,1.2408607627515795,1.4606448516937676
Information Retrieval,1.3504885601215808,0.9505748127602567,1.3813681114483887,0.9844311991964456,0.9796858323782797,0.854932287844032,0.9713527741672966,1.1866332371472714
Hardware Architecture,1.1418248347411364,0.9047429083940269,1.1779131444298614,0.8967377849285624,0.9986841291972509,0.9190850294597447,1.0652550540016827,1.2300574580587083
Machine Learning,1.2808278249821397,0.9283539701939909,1.4575978788387483,0.9807617509904237,1.3915897961792607,1.012311731502065,1.0578522284584981,1.2655517631969353
Robotics,1.2271906360215505,0.9220350508742128,1.4613593716263316,0.906232123080961,1.003646552866343,0.9372013938590604,0.9874462220628081,1.2036506516774652
Computers and Society,1.2094219992446558,0.867870774189158,0.9493748951077698,0.8946210292319714,1.017181898820918,0.8026916295139812,0.7928950886898745,1.1036411404231408
Social and Information Networks,1.1709567005175883,0.8750199969402789,1.345779040742554,1.0291671815444305,1.1941475447784402,0.7916841676660336,0.8192631464266356,1.094915912547812
Systems and Control,1.412216449357193,0.9702301670020206,1.4826043542168745,1.0700590913442598,1.67179987610331,1.1513223618916864,1.091185607759222,1.3745824486568117
Human-Computer Interaction,1.289801524455511,0.9738459319776751,1.0344268321885726,0.9858956963867683,1.0229832117740256,1.0142110619563276,0.8646313575640986,1.2161819219748669
Emerging Technologies,1.2788164438403182,0.970278558190956,1.276780498623877,1.007643241039416,1.1094799072516053,0.86771818704709,0.8857710439804366,1.2883565370906613
Multimedia,1.1792650432336458,0.8978411944675263,1.2515043630640816,0.9414772808748154,1.0322998593071386,0.9468077196724302,1.1180220354584403,1.1989494444258413
Formal Languages and Automata Theory,1.368682452243557,1.0054997561565713,1.1213447951931175,1.2645681874413284,1.308983437421185,0.9760975494411577,1.2174940184914207,1.4635473493223574
