name,Abstract,Introduction,Background,Related_Work,Methods,Results,Discussion,Conclusion
Computational Complexity,1.5104851566479605,0.9463569605884986,1.2435054259734057,1.345364132862334,1.2907160693328656,0.8919014208270027,1.3043895043364928,1.4769805835065992
Logic in Computer Science,1.4816929900989628,1.0312721423904057,1.2741630512397848,1.2787901903433352,1.4503457537199635,1.2508856302757665,1.260439405161375,1.4232861498002496
Artificial Intelligence,1.4409695257288977,1.1017283858155857,1.4764996527107173,1.1516387602537184,1.211386052700868,1.0112421562686824,1.1117998894416807,1.372377875013639
Computation and Language,1.09062093525984,0.7927445390472868,1.1589915952943293,0.8138787627401723,0.9353265421511183,0.740332803077416,0.8949239353589872,1.026574362464361
Computational Geometry,1.4812113123406119,0.9541918579511356,1.1173230860825003,1.175593258859099,1.1065442835681834,1.1705440047251052,1.3799862013473057,1.5659434533245709
Data Structures and Algorithms,1.6164484930974343,1.011243685717993,1.3682571179996186,1.2609114778795663,1.2456992042055195,1.164732991799154,1.423989619789015,1.7100427564011007
Sound,1.0414237876255255,0.7856675246567097,1.049988527718637,0.9060913315832495,0.8650347003352765,0.7371536354313886,0.9154136577787653,1.0334709407747404
Networking and Internet Architecture,1.3040025399384807,0.962904024723921,1.1438842472324353,1.1291363309979507,1.39263429341726,1.0156662453578913,1.0658996041155413,1.2700323173976793
"Distributed, Parallel, and Cluster Computing",1.4673612505992093,1.0518798204308626,1.279539110363547,1.1984251287394194,1.2008772352140755,1.0687639632657115,1.1633459240837092,1.42185307710838
Computer Science and Game Theory,1.3665982954834153,0.9424377483816943,1.2773822282044291,1.2908125934112926,1.446750564895538,0.9693202801994054,1.0686466038596374,1.3466894947971162
Performance,1.369736880416516,0.9856567825481853,1.2128548847562906,1.175095965321888,1.3154567876907284,0.9798400744593363,1.067338074212906,1.2777430393353115
Programming Languages,1.456268113926271,1.0949163847401677,1.2993756180608544,1.136727531494599,1.159124637050849,1.1618388069284353,1.061700478698605,1.3807153330890525
Cryptography and Security,1.4133565839070292,1.0221420543409012,1.2644634830927293,1.0631561453378624,1.183761696701307,1.0289369979492717,1.00569320501786,1.3494678407177745
"Computational Engineering, Finance, and Science",1.3277540721331085,0.9351890228420598,1.4699341305206737,1.376531338413776,1.0323110317010569,0.8771019111378331,0.9217503931122607,1.2068725716301065
Neural and Evolutionary Computation,1.288464800137487,1.0146785344074782,1.2271847399184916,0.9607501747057865,1.054368521773723,0.9415775385889833,0.9810066409340766,1.2139004491332301
Mathematical Software,1.507583227742075,1.1557294279914636,1.4292246223213612,1.1503479613899075,1.2335590075170584,1.0691300082175563,1.2865459755220034,1.3685450577570546
Discrete Mathematics,1.4865086366423708,0.9455680254775933,1.1986361508713181,1.4591735394267882,1.057630705424789,0.9325326426084385,1.4217064173652418,1.4968153997240643
Software Engineering,1.364440917286413,0.9939673309266509,1.1397803056795675,1.0526554855809807,0.9123606526305695,0.8551294903245856,0.8407932608790406,1.2262009246041754
Information Theory,1.341998910127064,0.9060754718928118,1.3043516939530306,1.2767021557200076,1.78229495438677,1.0388052640871712,1.1414471329942413,1.2619199424219019
Numerical Analysis,1.4052312047088784,0.9124835213083277,1.336498216954181,1.1867970607538507,1.3439114336330085,1.0386123348717382,1.0836353648896075,1.2359155787237275
Graphics,1.4712724407897355,1.0880062692666148,1.5622694124239027,0.9002575772317326,1.107929704903804,1.0508580240002872,1.096008766016233,1.4476473510191739
Databases,1.6281579479409751,1.101216958767,1.3605620383366164,1.280916792205315,1.2979544856636294,1.0662004877857285,1.1398679130153015,1.5158662084246617
Digital Libraries,1.1917740363992901,0.932713975995737,1.0523960520678128,0.9574455258706144,1.1706953177404071,0.7066410017569346,0.7456358212131441,1.0638344300493514
Computer Vision and Pattern Recognition,1.0539467736737018,0.7699499257538596,1.448344645571391,0.8084247228983715,0.8962840553041541,0.7517794058015512,0.9838619124476371,1.1430130339848794
Multiagent Systems,1.4551909101814626,1.1122825123034144,1.4974890023813943,1.3072397771915192,1.3414314080609384,1.098104032492149,1.0166356806635328,1.3880009292005815
Operating Systems,1.3212338001729211,0.8900024201932402,0.84699148218226,1.0124395421178947,0.9623420129801576,0.8115686669193669,0.7903657199057709,1.2977597076485279
Symbolic Computation,1.5063600137712547,0.958533336643766,1.1131873786001811,1.3009336318244025,1.0473674716936991,1.2104087931551313,1.0872481343547642,1.4428701251903997
Information Retrieval,1.3579387076660243,0.9607836194795293,1.3895289725869133,0.946183438663421,0.9992249472267083,0.8985052105949326,1.0100236038996113,1.2007217878785406
Hardware Architecture,1.1115787635051608,0.8697200080622862,1.0569499537566083,0.8780013176576621,0.9935706136155289,0.907002157593649,0.8928670641632015,1.1549125470663422
Machine Learning,1.3033149734511578,0.9836572552273317,1.4839849654160426,1.0340136353254994,1.387488336739487,1.0341494405278795,1.0770395889244389,1.3243168892222204
Robotics,1.2700067702964235,0.9632520839383286,1.4441359855960718,0.986414075746056,1.0182544366709627,0.9586514857596304,0.9807279239802209,1.2462214816106714
Computers and Society,1.1469805167966078,0.8643598990009854,0.9568440599928164,0.8989080057524587,1.0307140085537785,0.8156885470132681,0.7964344281602928,1.067974918300016
Social and Information Networks,1.2099391860116864,0.9171311988059759,1.3878323714734502,1.0759341984155242,1.2405960099251037,0.7980850999376031,0.8387976667907181,1.1404866299562788
Systems and Control,1.4364390351215468,1.0238091766914839,1.5270912008089992,1.105558669433929,1.7096978358413841,1.1116310519623571,1.0736174480723226,1.3413610040927206
Human-Computer Interaction,1.246129727797463,0.9159581209899545,1.0438650610135525,0.961680415095599,0.9473366506759977,0.9425951953543039,0.8438060406073254,1.1528618789606917
Emerging Technologies,1.3458221302244058,1.047667767044234,1.3537204729358066,1.0521187612080423,1.0635789497183348,0.9092150664612138,0.9202099065985461,1.3513314833975283
Multimedia,1.1935965271154851,0.9482844771000961,1.3229828379723523,0.9904045166957272,1.0109792578390846,0.9393151213034334,1.1441187588794715,1.2132157465488944
Formal Languages and Automata Theory,1.3949969978090568,0.9989983441215338,1.163019192050107,1.3459749418216855,1.2946645156680723,1.0064149951771315,1.3025954592171862,1.467427389278938
