name,Abstract,Introduction,Background,Related_Work,Methods,Results,Discussion,Conclusion
Computational Complexity,1.491241442245225,0.9327699437227133,1.3044422623183214,1.2905814569824106,1.2872783105607795,0.8526530650461408,1.2498304373404725,1.4574282779524765
Logic in Computer Science,1.4066632508216013,0.9903718935481636,1.2761849748379908,1.2124143664900873,1.4012806450732345,1.1976439359489173,1.1934038653891512,1.3456047188397777
Artificial Intelligence,1.380803773914102,1.0670686742248328,1.4395100854439218,1.1160120609297313,1.1757058876218738,0.9868163222778943,1.1040437166054995,1.3265355005526684
Computation and Language,1.0402300724976536,0.7776759234654501,1.1456005080948273,0.7784569722113807,0.9043700711040832,0.7226046849310322,0.9056437216044485,0.9906457086943625
Computational Geometry,1.3992875016521904,0.9470704526845156,1.195965983099292,1.0591024240750826,1.0893773985648891,1.093629696842454,1.330538761984942,1.4647467688885913
Data Structures and Algorithms,1.5501183268028211,0.9998370317316166,1.4564758058536347,1.2025574979705171,1.237001228322813,1.1197834426775106,1.409268665422903,1.6033339854923525
Sound,0.9873335237548037,0.7380695360230741,1.0642994936455386,0.8217450234790815,0.8527418649715736,0.7351066520806094,0.9224483846077391,1.0020204988152894
Networking and Internet Architecture,1.2513323369677218,0.9489675102464004,1.1323526038892968,1.104945179335412,1.360913417891313,0.958768211614468,1.0478640725174935,1.2212957591740017
"Distributed, Parallel, and Cluster Computing",1.3954842173036979,1.0095996203674875,1.2541597944575915,1.0961766213400261,1.1777289820408017,1.0273547341450184,1.1083710738428487,1.329674093637372
Computer Science and Game Theory,1.3346369921304262,0.9439649784319224,1.274556091479285,1.2292337634234909,1.4440490027760455,0.9768253666851163,1.0729894001121634,1.327320372691686
Performance,1.3063136300989469,0.9430773968713994,1.1912546913959559,1.1324446406222983,1.2968204531370995,0.9489444573382604,1.0234467778694119,1.2440980447932033
Programming Languages,1.3673013805866354,1.032847627121757,1.2570852009018876,1.0814830677668141,1.1316600170431783,1.117076570982134,1.0696019922327702,1.312137572152287
Cryptography and Security,1.3345153040924214,0.9835920682414896,1.2238136154443149,1.0396637845579126,1.1750068743039181,0.9932366542830756,0.9565903717297536,1.2861388953961683
"Computational Engineering, Finance, and Science",1.2796294301729272,0.9184705408239674,1.3328424334951825,1.230732229802461,1.0251645454305456,0.867224641112866,0.8744672188367217,1.1918843221325974
Neural and Evolutionary Computation,1.2603831532535288,0.9745182930324284,1.1852495996184198,0.9327164301580575,1.008040933922214,0.8864749585448332,0.9643696738742993,1.2047570774722915
Mathematical Software,1.4321442592898859,1.088973271407139,1.3746314027082187,1.0174507053120734,1.2422079605858862,1.060666753993773,1.161547416647723,1.3310056119652647
Discrete Mathematics,1.483355815177305,0.9499502445375567,1.2887022840152218,1.4273015780267269,1.0653088303064802,0.8924095758868474,1.3487570370119097,1.4340851685280624
Software Engineering,1.292105494053604,0.9622801367096948,1.107627010291492,0.9822281325862436,0.920493902539771,0.8173193022978783,0.7953555323742894,1.1563900606853488
Information Theory,1.317037068339133,0.8940444964898154,1.310180482076052,1.3636381352911404,1.786393901391949,1.0337995899916679,1.1387853551172198,1.2416756874985615
Numerical Analysis,1.3676108851190292,0.8955641431234296,1.3249994878435538,1.2112958744299782,1.402541451031944,0.9927902609534265,1.0754892753680614,1.2633135248238587
Graphics,1.3811238588142247,1.0453207737394192,1.4904815971791912,0.8481848598898497,1.0648751139834562,1.0213625387862957,0.981937020521921,1.376695847101409
Databases,1.531237432106371,1.046632754153714,1.3503206082253032,1.225256004146005,1.2722987414720288,1.0201072475102195,1.1639347009008287,1.4936078281428025
Digital Libraries,1.1804064975365234,0.8852412482298461,0.9914094354231984,0.9287902220820754,1.0827214644511665,0.693505126312675,0.7109260735045054,1.018840793534746
Computer Vision and Pattern Recognition,0.9527756939613364,0.7178981304927916,1.407867135352147,0.7160994155914951,0.8487957597853303,0.7260990212037295,0.9588436666245518,1.0484578462190335
Multiagent Systems,1.4468506414604048,1.1129790942345645,1.5335009292086872,1.2350647134460275,1.3765645671232531,1.0787334181439194,1.0365021461827255,1.3588303360727152
Operating Systems,1.2484907933854648,0.8520350575165082,0.8475024867776519,0.8333402403673927,1.0012736265119477,0.8001738101899047,0.8472168286013897,1.2332303184402864
Symbolic Computation,1.4077597142412275,0.919325139993675,1.0430441846757001,1.3605932507178908,0.9419029903993691,1.1545261329868741,1.1690634024465107,1.4035572717301688
Information Retrieval,1.35114002630983,0.9493308635158892,1.3537818284360827,0.9283588443800384,0.9902311965530803,0.8749163201348882,0.9878398695022371,1.2006131635919488
Hardware Architecture,1.1013280584952192,0.8463135034615634,1.0026563108578714,0.8568817824585688,0.9579138120104357,0.8578188752481517,0.8432875931726466,1.175972512344374
Machine Learning,1.2993641800532254,0.9426692627746849,1.4191106494404364,0.9832019357364665,1.3545958289391595,0.9994170858895866,1.1191683397697805,1.3023086812657685
Robotics,1.2333139366314763,0.9459074584556278,1.4410516939247993,0.9220730989307199,0.9872888126233561,0.9518883699475236,0.9981477055023692,1.232166239005036
Computers and Society,1.1349114214996157,0.8304767675639595,0.9537319260273104,0.8757285186972382,1.067389410027916,0.7933558053823567,0.774091701386296,1.050576250100453
Social and Information Networks,1.1963595700670877,0.8823829271257682,1.4121723205051622,1.0258176742762695,1.2122123853083662,0.7663699122468368,0.8324859309799341,1.1056644068593884
Systems and Control,1.409801526823841,1.0069826034560188,1.5325658271833154,1.1009598331618247,1.6901222835575063,1.1271228625470369,1.0873625999961944,1.3422229786498827
Human-Computer Interaction,1.1780215515549652,0.8872690321260311,0.9913295819823525,0.908357007986748,0.9447514097090856,0.9287162910172883,0.8449794207046866,1.1204124305783882
Emerging Technologies,1.2380542163979693,0.9352234079907669,1.2310386503998607,1.0064662940150437,0.9947919059255312,0.8735343099131312,0.8464105865633786,1.3140827381047673
Multimedia,1.152052879668658,0.9016923071122426,1.1957750715877236,0.9411473203875577,1.050536051875581,0.9555062454141776,1.1997633824393066,1.17941914672983
Formal Languages and Automata Theory,1.435622357605524,0.9896587308471068,1.2352709234501815,1.3217999420845588,1.3185035164809429,0.993951536897309,1.2435508235048895,1.4611373145568116
