name,Abstract,Introduction,Background,Related_Work,Methods,Results,Discussion,Conclusion
Computational Complexity,1.468210239855812,0.9228198294502645,1.2150265579997632,1.261247823365131,1.288750029681628,0.8697220306708917,1.323931448710745,1.4491198335123854
Logic in Computer Science,1.5097669195636878,1.031598225981128,1.1612159122795267,1.2903973871306835,1.3949263044270028,1.2604260474846338,1.2498236337674733,1.4708815214373652
Artificial Intelligence,1.4177506958580255,1.0724757417549893,1.4004080927633564,1.1517073233856154,1.2181104699971599,0.9828198247049604,1.1084314924589378,1.3582452071032676
Computation and Language,1.052015806074387,0.7654360617742012,1.102994593243315,0.8033344113468004,0.9298320104321426,0.7122689323838757,0.8509344264896778,0.9886998220593437
Computational Geometry,1.4578472753366978,0.9506925159770172,1.1533990065995452,1.1781294598759513,1.08598739931659,1.2133942622991012,1.3233579661632184,1.541626319714561
Data Structures and Algorithms,1.5004321257129238,0.9690123154075954,1.3559511373826836,1.1827917115176667,1.2436272440785854,1.1453607944383217,1.3341175825138105,1.6301860407243096
Sound,0.9804664651435002,0.7073674254099228,1.0439009200632754,0.8567874290670631,0.8957322753739831,0.7370532481018657,0.8665208193690835,0.9925418991395825
Networking and Internet Architecture,1.2622996213918634,0.9339898191881207,1.1015035736175771,1.0933861525376718,1.3260514781724244,0.9429483406123791,0.985971718538005,1.2131516047010429
"Distributed, Parallel, and Cluster Computing",1.4091262591161444,0.9978702020955742,1.1788373770488496,1.0970464555522157,1.1523355955750578,1.0060818762345975,1.1225772677160128,1.3449266685851207
Computer Science and Game Theory,1.3133806829172634,0.907761245747183,1.2128049009810233,1.2194712675410246,1.4230750969282826,0.9580956345317644,1.0571704196868386,1.3173055581071365
Performance,1.281479072617026,0.9079321743801968,1.153271405221624,1.082378942180138,1.2907776590791924,0.9134115743139526,1.0076926653548925,1.2045039579839136
Programming Languages,1.453143160051786,1.063157123371377,1.161127147526058,1.1322581584735867,1.1274032931878386,1.1680880378751257,1.05004901284783,1.3848844053384977
Cryptography and Security,1.3851445422846917,0.9976007231927659,1.213103434716126,1.066927953637537,1.206031650036612,1.0027287335866104,1.0009830878669848,1.3325424002299056
"Computational Engineering, Finance, and Science",1.2176660420274927,0.847446300441069,1.319073256358154,1.1965286164482423,1.0059542656839893,0.8098981725057671,0.8173773124761662,1.1114190005160962
Neural and Evolutionary Computation,1.2518007065166445,0.9301134203969315,1.155149859118438,0.9199125177387804,1.031639287506224,0.8707974365099027,0.9212711093562065,1.177190180543322
Mathematical Software,1.4324758400825737,1.0909721892017796,1.377434801664024,1.0098448572269112,1.155575649893647,1.0353806432429657,1.1476767007100648,1.2854091953262534
Discrete Mathematics,1.4401604193997255,0.936111152204912,1.1526920924608384,1.2756088207924368,1.0599020261322167,0.9054417280283321,1.2833940595806113,1.4776503799453162
Software Engineering,1.3289328078961085,0.9903450025856323,1.1283924462456958,1.0154608760524948,0.9090903961812464,0.8389285970833466,0.7765607004512951,1.206637555005633
Information Theory,1.2511438585169694,0.8581962798494585,1.2302859020411274,1.2181666178177348,1.742349803564329,1.014718609888506,1.1125617189839827,1.202557816800832
Numerical Analysis,1.302671197216313,0.8590243847005234,1.2955332217855335,1.1016644467302212,1.370656113943604,1.0264550565043524,1.054924644502693,1.1702831126802629
Graphics,1.3987320433211958,1.0271099664997059,1.5122378006605852,0.8726561383077113,1.0914665651758653,1.044661126284324,1.0427117741434104,1.341902097241633
Databases,1.5829738515701632,1.0511642494490074,1.2422079756281998,1.178758169695308,1.2248657796964624,0.9976206716816751,1.1970138780989428,1.5002256776070924
Digital Libraries,1.1325603660840964,0.8022677971192375,0.9295929662234698,0.9209020054162659,1.0501626737792527,0.6436433257325058,0.6359075835193717,0.9754268920883362
Computer Vision and Pattern Recognition,1.0211429631943643,0.7256737109371869,1.3917880851664708,0.7405727481893355,0.876263215045967,0.7160902648786731,0.9422930532735273,1.1200258205747562
Multiagent Systems,1.4223275663643138,1.0521086870292804,1.476412052537033,1.2193122122287618,1.3352667521198203,1.0495556505948471,0.9942265742155182,1.3531877899451785
Operating Systems,1.4572409091821665,0.900853144553927,0.7897541836126385,0.882265022195526,0.9148062983054134,0.7406333811309509,0.9313860581928489,1.37798657779457
Symbolic Computation,1.4181306256849255,0.9608854934220699,0.9552734394416468,1.1733911178641405,0.9714352362398316,1.1926055033206817,1.2029294081225912,1.4272995405588718
Information Retrieval,1.3093496732102472,0.879437221386026,1.2384816502986116,0.9013435914476255,0.9944477641432231,0.8434986284922867,0.9568111744374087,1.1747789772581176
Hardware Architecture,1.1381327908056718,0.8602524303281591,1.0239998625201405,0.8626028086563674,1.017739195113806,0.9091989841800592,0.8204968365694757,1.1898497434563238
Machine Learning,1.2887728303205803,0.9104443305822201,1.4387139954153707,0.9806262092623174,1.3963713625539487,0.9799094681069416,1.0753333286501576,1.2796741463235128
Robotics,1.2325336155362556,0.9189152776769701,1.3897405377293748,0.9341537726255383,1.012758428907006,0.939144454676742,0.9704565317819829,1.2089458811450673
Computers and Society,1.1456443090746782,0.8225828256593887,0.9054870165844139,0.8843285090505165,1.0366044237844236,0.7518003165877614,0.7293987508768409,1.0404096419970272
Social and Information Networks,1.173564487912255,0.8510135670375502,1.3564892551453709,1.0191172360861964,1.1974943538397689,0.7478165374087764,0.7819658357037986,1.092869623679105
Systems and Control,1.3369807681193355,0.9414581808025315,1.480296558404966,1.0310918756409766,1.6701900490599084,1.067036864015969,1.0442760025912785,1.2716272513581344
Human-Computer Interaction,1.192507926279947,0.8907463103113511,0.9443285285528003,0.8991929662466709,0.9526148736884321,0.9439545860631069,0.7872023677560273,1.1155664692420832
Emerging Technologies,1.2743374216410053,0.9823518802743482,1.238885276705895,1.0973039924208818,1.0286372109752813,0.87358772109766,0.8242533226189007,1.2880085180980332
Multimedia,1.1730027836044115,0.8914173472528913,1.2555556327322583,0.9228584430148838,1.0209314499802238,0.9570852481393669,1.1585413442974843,1.247116295340348
Formal Languages and Automata Theory,1.5013737560595903,1.0564793258213403,1.1059496813942022,1.3219141280684101,1.3479825286763456,1.029895877162735,1.307283361337885,1.505955637465828
