name,Abstract,Introduction,Background,Related_Work,Methods,Results,Discussion,Conclusion
Computational Complexity,1.450441007515221,0.9029873554349709,1.2988015557556989,1.2992011144005988,1.2707349479526209,0.8923683643647898,1.2696272202006849,1.4274843798196262
Logic in Computer Science,1.3135864047250783,0.9227703220376969,1.2573897813304293,1.1163710780791871,1.375637627636903,1.2055965808814053,1.1336725275640842,1.266663584866497
Artificial Intelligence,1.3424277003597431,1.0039313116341222,1.3915010497578166,1.0641762084531967,1.183436326247075,0.9751519204897398,1.0512616793102962,1.2883137119055703
Computation and Language,1.0681634091773657,0.7543785516967988,1.0627629229448228,0.7510837977465518,0.8590605605096923,0.7266848470875846,0.8836017713743418,1.0348988138433746
Computational Geometry,1.4451316225938102,0.9358414438034142,1.1791930569442173,1.1020872024007147,1.1293447204394813,1.2274974653187984,1.3290228525451064,1.5227731327975906
Data Structures and Algorithms,1.4891197325685237,0.9284982641090986,1.392073264977801,1.1643848292629195,1.2339139158078123,1.1669803090338497,1.3266219499281027,1.5900937886996285
Sound,0.9349043142611151,0.6581117599866875,1.0423239907772726,0.7900660480556485,0.8103163791847376,0.7463185928872534,0.8866600401198331,0.9453857467890208
Networking and Internet Architecture,1.2778950320582227,0.933829358226208,1.1279882252322466,1.080847451611499,1.3580198266909398,0.9708040394241613,1.0050432946237406,1.2323049204561918
"Distributed, Parallel, and Cluster Computing",1.3322742318392946,0.9376714824958221,1.1851980288500474,1.075642937826127,1.1445726858938958,1.0252267430015205,1.0932559216925715,1.2841947625603243
Computer Science and Game Theory,1.2839515972411015,0.8753061990260549,1.232296448345764,1.183938120820186,1.3982768827284726,0.9700563281874411,1.0046799918582743,1.2811366997268774
Performance,1.251505488092408,0.8927209723186125,1.1387680790060442,1.0931883471837103,1.2521561298795094,0.9232688058125719,1.006573963518902,1.146894855888514
Programming Languages,1.3042593675922596,0.9823006698068496,1.2575719386975681,1.0401590935183158,1.1301396220753326,1.1327494018376347,1.021206546729326,1.255743157986223
Cryptography and Security,1.332873108332762,0.9829470045301062,1.1733166595710487,1.0387306530369043,1.162247101975794,1.0168919668982157,0.9560445962412852,1.311379999289585
"Computational Engineering, Finance, and Science",1.2374556966261314,0.8615764758177229,1.3386426438559078,1.2052025801627264,1.0676032135823774,0.8436306117091553,0.8447777181398407,1.1332577922393225
Neural and Evolutionary Computation,1.1795671174257898,0.9023884224496652,1.107294021290374,0.8399579406521481,1.017272398185464,0.8797943412881681,0.910187320889399,1.10695228125595
Mathematical Software,1.3294371032125938,0.9952741990828045,1.3513813124615845,0.9691229494852692,1.1317313423788529,1.0033335103857481,1.1216952244601066,1.2011363144762528
Discrete Mathematics,1.3977681432084657,0.8861602402721576,1.2335591777260742,1.2872617499324857,1.0996892891448697,0.9284130041206679,1.2949967175185342,1.4006944633465204
Software Engineering,1.2730076190033677,0.919171713301632,1.0827918923688629,0.9794655900664312,0.9025368400865099,0.8364800935702186,0.798192669735471,1.15618201718916
Information Theory,1.300270800788709,0.9023016532697428,1.3089348483945675,1.2579529777579364,1.7740873442051623,1.0529489303523256,1.1225930854298916,1.2522474548514753
Numerical Analysis,1.260591895513373,0.8422665644144388,1.357722657580593,1.0037312030283199,1.4172270403751244,1.042283641024096,1.013255863132771,1.1506672344488516
Graphics,1.3514303455206573,0.9972773259579648,1.537144517860714,0.8350972227756829,1.0840339121558327,1.0540335290452008,1.023590573873722,1.3538700482548758
Databases,1.539348303906314,1.0283528930934471,1.2924581800725978,1.2144732510116925,1.2574348700196516,1.0618397289587873,1.122279334238314,1.4819547746579758
Digital Libraries,1.1025343241034495,0.8199429892195358,0.9349756198481375,0.9084941299799206,1.061245193079955,0.6670515858402404,0.677462301024717,0.9701552625818308
Computer Vision and Pattern Recognition,0.9603646683953909,0.7091474579701756,1.3838276950988595,0.7067785355101514,0.8496593540971112,0.7465597055439509,0.9492259353956513,1.0781092449019107
Multiagent Systems,1.4203609966675206,1.043559358962614,1.447867371328335,1.2043951870261898,1.3601380691689744,1.0801213045932299,1.0340968324265367,1.3592745444968877
Operating Systems,1.2003033141456463,0.8011219162575308,0.7562285556791687,0.8761383217550169,0.8914461780046501,0.7375460205447101,0.8294313441182756,1.100365212283009
Symbolic Computation,1.3255331914720532,0.8779690433445039,1.004986785623975,1.1678801395237783,0.9314237180765531,1.167169280297537,1.0503480815186566,1.3234015346029508
Information Retrieval,1.2596157106324024,0.8705246348831598,1.2529444374271035,0.8838745710312459,0.9600943008160816,0.8537875662484538,0.9526680309938282,1.1244380549442312
Hardware Architecture,1.1160946050458596,0.8704859499236023,1.0445153914810617,0.8390734384264982,0.9473713341336184,0.9207990162100362,0.8224546833627796,1.2097709978658426
Machine Learning,1.2447491281708554,0.8991023868532343,1.391105808239953,0.9451362427082937,1.3430249427688954,0.996934224422159,1.0556756929365845,1.253187452396851
Robotics,1.187054340492917,0.8988084069000505,1.3778774021465305,0.8979669090917297,0.9694309052567439,0.9337565137897739,0.9260905691848258,1.161261325521778
Computers and Society,1.1366659000062507,0.8082576623153991,0.8867689457860408,0.871135731294649,1.0571133323545672,0.7773925450104128,0.7662437818779912,1.0282368594320208
Social and Information Networks,1.1382907021284947,0.8281550188349516,1.3664960635573262,1.0090805104691356,1.218760017056118,0.7526431780752428,0.7907865928256868,1.077660756458471
Systems and Control,1.281587936968692,0.8977600610812542,1.4197269580964724,1.048389669413515,1.646538011818648,1.1192150221186425,1.0246101058696944,1.240734547029878
Human-Computer Interaction,1.1715721815295452,0.8432000809158483,0.9243103467266073,0.8965210042797243,0.9260424546528915,0.8721031929067554,0.7708588510498783,1.1026133182492044
Emerging Technologies,1.3312148961647665,0.9904591435633077,1.277743746615793,1.0136570394341522,1.0747945754323682,0.9529946212880276,0.9260102205898063,1.3492219076112943
Multimedia,1.145403694506257,0.8574493185845136,1.2295564284453724,0.8702003078962078,1.008456184099676,0.9865534249029353,1.1381732816927654,1.206430647582556
Formal Languages and Automata Theory,1.3598742507039967,0.9770201666309022,1.1463042473470237,1.2149150299368905,1.3145665423239037,0.9882861866325657,1.2299817662884114,1.3469939195833711
