name,Abstract,Introduction,Background,Related_Work,Methods,Results,Discussion,Conclusion
Computational Complexity,1.585538521436565,0.9520394680724998,1.2225921564461262,1.3684587603892846,1.2856048963603808,0.9153182160660549,1.359580831917246,1.554301561984136
Logic in Computer Science,1.4889597686258724,1.0241944233498221,1.2356990339765281,1.2520116100050975,1.4189457844550202,1.2614281030662786,1.1930495013441182,1.4200535061036181
Artificial Intelligence,1.390103216014841,1.054969644339895,1.42944968875844,1.1059947085344453,1.2217516204282541,1.0091710764476363,1.089750886498787,1.353306001856352
Computation and Language,1.025297952908224,0.7497286179740908,1.080229309608502,0.7625202881542994,0.9036277668229654,0.7243803337482565,0.8765777002406436,0.9605312793249948
Computational Geometry,1.5617222778520574,0.9909621396542435,1.1370855443382257,1.1550533110223462,1.124114993706431,1.2245206266107982,1.3718594521960354,1.642966763683256
Data Structures and Algorithms,1.6306467345204498,1.0255441915738113,1.3776556664482915,1.2535080814916384,1.2929391559247454,1.1810574901140458,1.4790736618504337,1.714630368778257
Sound,0.9473886446592035,0.6878881162065739,1.0058756441783152,0.7943787490284409,0.8521964322931064,0.7314844902241578,0.9193368901369026,0.9743192402650594
Networking and Internet Architecture,1.2723391967999873,0.9446451771223594,1.1036508609662117,1.1074941855499711,1.3545855287262047,1.0005149752790523,1.045478372293484,1.2372736894665752
"Distributed, Parallel, and Cluster Computing",1.380302448147273,0.987362400657639,1.188354092258923,1.1073181361227573,1.1524355786812719,1.0345897064276548,1.1160926691943225,1.3294332206574504
Computer Science and Game Theory,1.351098965555503,0.9187541378769846,1.1483972040037445,1.2078654374218234,1.3953825286852084,0.9623195611299024,1.0273097378533196,1.3104331209152458
Performance,1.3393000237158117,0.9692769768591305,1.1560698556812967,1.1651325508482198,1.3569266001648987,1.0179434937050367,1.1103143462339466,1.2849468557266008
Programming Languages,1.3986069907630667,1.0395858505435895,1.2562393852168647,1.0993746056023603,1.1385894242901666,1.1540997374724022,1.0105028268811675,1.3538097499105872
Cryptography and Security,1.350028721483818,0.9839454709518144,1.1746688829185352,1.073473644584041,1.153573541670196,1.0478574739100537,1.0059803056003238,1.3089250476376015
"Computational Engineering, Finance, and Science",1.2548481942232683,0.8960432311635744,1.29620263254521,1.206437319734683,1.0567660511555295,0.8248735855945348,0.8802632824830915,1.1607531193247256
Neural and Evolutionary Computation,1.2239005898137758,0.939769050717443,1.1340468660423368,0.9070987937046042,1.0343800042522684,0.9129880187665155,0.9655330188990104,1.165445334972396
Mathematical Software,1.4528503838847344,1.0958583595517795,1.3416169692368456,0.9938149404230884,1.194622838939123,1.046549063919146,1.1678524990097119,1.3209350349558626
Discrete Mathematics,1.6192123574482067,0.9743971857606281,1.1238763843699529,1.4348119453039538,1.0894146099304776,0.9541944977706989,1.486692345133863,1.590402408969445
Software Engineering,1.3089828058135071,0.9573517983450802,1.104772548252668,1.0110891748003412,0.9308894166264458,0.8475346696084354,0.8252864845417084,1.1712490078654942
Information Theory,1.3816493177182898,0.9219403838280026,1.198492875201356,1.3602126142658377,1.7824697054215863,1.0947511102487137,1.1802733452186545,1.3147580552519544
Numerical Analysis,1.33875239199701,0.8695539780125361,1.2469667220245724,1.2469959083681854,1.4032111677913335,1.0394702392834825,1.0834730680358702,1.245961628026272
Graphics,1.3947077380263324,1.0332689748790878,1.4666055695467728,0.8710523124466499,1.0593026008460111,1.0532106650912394,1.0749056414534597,1.323184288247398
Databases,1.597774752494334,1.0749528861739936,1.329354866245342,1.2659601902413289,1.2724082938461905,1.0666318884522101,1.1964248989621025,1.5166418327593463
Digital Libraries,1.1198924368052041,0.8439992660689025,1.0475437826576393,0.894124884595253,1.1174835849652334,0.6683043726216071,0.6833966083696874,0.9841297548745033
Computer Vision and Pattern Recognition,0.9621318227914546,0.7163063902588221,1.4007290417257439,0.7159017840421872,0.8610508551252106,0.7323940114051831,0.9318519128311469,1.053448269744282
Multiagent Systems,1.4361062741714594,1.0779825112146695,1.4115447061834778,1.2754456898450457,1.3153053026181591,1.0791531186699908,1.0044109971688941,1.364430259872457
Operating Systems,1.2913565427527038,0.883548260804346,0.7772476969836265,0.9156036299213192,0.9131237531190279,0.8132319793037753,0.7829771077596025,1.2189530779826159
Symbolic Computation,1.4643185647403594,0.9225699985140832,0.8931386080855175,1.2326726599511,0.960683288360414,1.2206634294024545,1.1829707193451728,1.4347369844340911
Information Retrieval,1.3330028403242353,0.9300618987850857,1.369925972859738,0.951365207451254,1.005028224273468,0.8908761128787359,0.9853909743900329,1.1922668334628397
Hardware Architecture,1.120693971481775,0.8748583444257158,1.041527918899058,0.8284625289366772,1.0086914852024107,0.9293207866701634,0.8793202809244243,1.1607267073406315
Machine Learning,1.247893344212344,0.9083974129398561,1.3773169977874278,0.9782331531130861,1.3780352416166193,1.0075869484783468,1.097526064661465,1.2640964426995729
Robotics,1.2606176579531143,0.957192372557471,1.4119678894358554,0.9288781217344261,1.0295414551830315,0.9822831076915073,0.9822218165018619,1.2563698298184203
Computers and Society,1.1269611409630678,0.8195112412079416,0.9642999140603826,0.8722494798817262,1.1046129138938048,0.8032458759962666,0.7671467573580529,1.0260614262119179
Social and Information Networks,1.1274439473556455,0.8405010167371438,1.3260681841073831,1.0367504108118388,1.2358502963348617,0.7722719282463839,0.7839677635437096,1.0722435026929362
Systems and Control,1.41498931686497,0.9930069749896733,1.4417044882123764,1.1023391502286353,1.669571741572251,1.1860959077025528,1.132167669218289,1.3635544006815083
Human-Computer Interaction,1.180970380057985,0.854603084936066,0.9826729244329445,0.9104443492352335,0.9273698713563537,0.9611635278371428,0.8052918464137808,1.102505859617047
Emerging Technologies,1.248739129293572,0.9789111352828871,1.2362078599248099,0.9827314995660135,1.0753877169803316,0.8975382869176005,0.8724356315330539,1.2938343180919443
Multimedia,1.1996218025831746,0.8935205522091844,1.2400238933494077,0.9325161438728605,0.9879762230892646,0.9964388778269888,1.1697944331191643,1.241629587858335
Formal Languages and Automata Theory,1.5331794262484417,1.0382269996379607,1.0914815781610099,1.231507523559604,1.2666911831867285,1.0033201998060741,1.2663261848111684,1.4741670550332295
