name,Abstract,Introduction,Background,Related_Work,Methods,Results,Discussion,Conclusion
Computational Complexity,1.513597317454577,0.9216559913246573,1.2894485179452602,1.1452996047670918,1.304437137309864,0.8976158343202194,1.323698605051167,1.466898634426404
Logic in Computer Science,1.4644535020254297,1.0170961277442792,1.2808123832700107,1.2952570300233366,1.3824282457593866,1.2344051934185671,1.2198217688307245,1.3811546553436813
Artificial Intelligence,1.4053986213654504,1.0561567978232718,1.4362831767758049,1.1020905137171804,1.2347781027309777,1.0014890368229412,1.1035718402402985,1.338858897566661
Computation and Language,1.0848189229418526,0.7674099767035829,1.0977812721326186,0.7792767324520576,0.9138302010457904,0.7304770181329724,0.8767128426395355,1.0144717796731486
Computational Geometry,1.5551585285743539,0.9759240613832583,1.20592819148677,1.1575293600729937,1.1319596863205343,1.2392791199990314,1.4436501216089368,1.6085045494533774
Data Structures and Algorithms,1.5863451595021785,0.9820048994788639,1.3990282444296256,1.2026711901867786,1.2808745192949142,1.2018341247898532,1.4209969915299552,1.6758757799285755
Sound,0.9760834806076022,0.6929949269862686,1.0103507615030562,0.8131439131806684,0.8305206606237131,0.6996386144329687,0.8613034446076083,1.0075174295904432
Networking and Internet Architecture,1.2617791247003467,0.9412858969333399,1.1207078054821185,1.1070158887198351,1.336419014800396,0.9908879257358598,1.0503294235026535,1.232993341743816
"Distributed, Parallel, and Cluster Computing",1.4045803873232423,1.0047509118984768,1.2249652284435208,1.1237506322145916,1.151652460810936,1.0148729573445503,1.1524050639055226,1.3531459597838515
Computer Science and Game Theory,1.2980124700949505,0.8960052265645431,1.2256778541693611,1.2157737513683535,1.4413644084557142,0.9960548137856471,1.0011181469941801,1.2945866172009772
Performance,1.3037109547310228,0.9710234055080224,1.124516422650379,1.1971866546370769,1.2876864632316714,0.9581849269193347,1.1060757128655576,1.2631059409062881
Programming Languages,1.5640933935892225,1.1401789370961999,1.3105759571825222,1.1744256031863824,1.2404825068454661,1.22450096430863,1.1370004127097733,1.473780882182128
Cryptography and Security,1.3405056311527421,0.9669438050410657,1.2030033742867245,1.0468506717104626,1.1778898686575159,1.0253763019146878,0.9668771992802411,1.3083163810100105
"Computational Engineering, Finance, and Science",1.2837600250806154,0.9088769386093071,1.3278804707641576,1.2510860237186752,1.0355207703210243,0.8883591701739334,0.898199076986603,1.20012847404908
Neural and Evolutionary Computation,1.220790318680551,0.9273408299098599,1.130046937342679,0.8713939736421512,1.014657812894806,0.8901759895851258,0.9451865850703941,1.1707729990308045
Mathematical Software,1.5159535259163932,1.142320850503341,1.3603297369294345,1.0491443897033907,1.1643588245061147,1.0214761447523837,1.1549698339189356,1.426076810919385
Discrete Mathematics,1.497847263107513,0.9575198284816362,1.2437675707282048,1.338649780558032,1.063666636381593,0.9390192784583663,1.4059726034462856,1.4615946411755245
Software Engineering,1.4339464922106726,1.0390012520729512,1.1449445729521281,1.0486643279884256,0.9592678097023918,0.8627416706990468,0.8494464807177265,1.2812424696976046
Information Theory,1.3177026542155164,0.9156604385977353,1.272119602645774,1.3765380246384846,1.744428488928788,1.098188622825521,1.140339293233987,1.2503892719067808
Numerical Analysis,1.295597559717914,0.8601118505668702,1.2977858176369907,1.1103976020971829,1.3481698727898805,1.0348049787433893,1.081159896190011,1.2139897480019748
Graphics,1.3766019137588283,1.0291891420818828,1.452507831580544,0.8980900453740273,1.1020443178204045,1.0345273123001038,1.1076450915801015,1.3392817599867874
Databases,1.628778466063782,1.0852591972215948,1.3933753057595737,1.339536501995128,1.2859871344665255,1.0902265846255919,1.1924708865057574,1.5286845709658743
Digital Libraries,1.1762538153636235,0.8580050613140939,1.0812465429050035,0.9628785061368066,1.1590218419653546,0.6820003052063924,0.6802037165337034,1.0085509094413592
Computer Vision and Pattern Recognition,0.9495246398316739,0.6925795445463833,1.3409411889671154,0.7026860741350446,0.8483349627372493,0.7296363720203496,0.9166186788969055,1.0219485925507863
Multiagent Systems,1.4197960544429264,1.0463500529382936,1.4460831136576646,1.2678570061263015,1.3433257584257932,1.0737193159430467,0.9551664752506606,1.3360802461286467
Operating Systems,1.3296790644682512,0.8320749241901769,0.7185858135942668,0.939495624080835,0.9888466650252442,0.6869115606836256,0.8705435164608392,1.1980657125613783
Symbolic Computation,1.552738325929271,0.990781309880027,1.0289444083154589,1.4553220073237412,1.0390923723161423,1.292861431321376,1.1901602458120908,1.472198001038888
Information Retrieval,1.293417837879585,0.9095862468360731,1.3313644567226377,0.9260707791776684,0.9988174569960282,0.8913856312983338,0.9469774016176973,1.1742534279827868
Hardware Architecture,1.1718007606074479,0.9043618436257445,0.9950183622316863,0.9204716528429032,0.9922755679867854,0.8823561737964423,0.8346766020546218,1.2471265664624922
Machine Learning,1.2921599591012345,0.9253874069048255,1.4268560606743703,0.9952182793245584,1.403575633283574,1.0203985321666222,1.101425902551374,1.2966742613242255
Robotics,1.2131931793603503,0.9099000973309741,1.3906006085547866,0.8805218471079524,0.9959144995532712,0.9542954837626375,0.990873328479779,1.2144562199928528
Computers and Society,1.190035066399862,0.8304966989039664,0.9279035793808927,0.9339963257411221,1.066013644576951,0.8126315075159104,0.7848129046126299,1.0734234843555224
Social and Information Networks,1.1616278110341938,0.8520363261891812,1.3428152820060222,1.0455903649397498,1.2515097376799038,0.7879511259267649,0.8181354723553472,1.0939965462930477
Systems and Control,1.3665148543597696,0.9910733637333436,1.4713782690135067,1.0539557339488976,1.6489963417287283,1.1064699425460849,1.0365163436874818,1.3174719668339991
Human-Computer Interaction,1.2433936557257703,0.8855978171750069,0.9912031002555508,0.8999147698205193,0.9616127051169816,0.9291212771804397,0.8240201904549388,1.1824699051521739
Emerging Technologies,1.2999030259751927,1.0058888302286517,1.2232438442853604,1.1129252986873692,1.0772160428615136,0.9437795907637831,0.9158394465375149,1.3397250411862147
Multimedia,1.149471385585831,0.9087938284017019,1.1912141617694827,0.8767903944520765,0.9720909167918389,0.9705725719298735,1.212385175198979,1.2143997314704482
Formal Languages and Automata Theory,1.4691100222319255,1.0211008548554883,1.2408444081658347,1.2602280231490381,1.271868914991199,1.0462383580318713,1.1979694503062959,1.49645685953262
