name,Abstract,Introduction,Background,Related_Work,Methods,Results,Discussion,Conclusion
Computational Complexity,1.4507213092841953,0.896534491435191,1.2256259191025698,1.2267140672949701,1.2438358304967962,0.8565427939108654,1.2769661916353297,1.4177503530825304
Logic in Computer Science,1.4777241251059852,1.0323447305369007,1.30033855499481,1.2939062172397873,1.3731165744121716,1.2542481364635802,1.285317126000848,1.4085580181100186
Artificial Intelligence,1.4158704252710035,1.050342105943358,1.437884840812918,1.1430195197755026,1.1980980621421988,0.9910618887678496,1.1126724343028853,1.3564983407495828
Computation and Language,1.1020550149189583,0.7869224808471096,1.1245174948698577,0.822897741606215,0.9048526099664687,0.7259952471940839,0.8808643569252433,1.0380508499504082
Computational Geometry,1.4468834665945793,0.9464479586026843,1.1590730490033783,1.0851027686150032,1.0865219102259425,1.1153787373110777,1.336955678642612,1.5135660278511123
Data Structures and Algorithms,1.527697077641879,0.9600344472616502,1.4062336160989326,1.1703322003204235,1.2489892803595397,1.1406205313823763,1.369905200532452,1.6136027649362341
Sound,0.9909435955112582,0.7272717511845802,1.027279240325348,0.828741624984362,0.8390046360685477,0.7334104507586252,0.894896710911971,0.9862910375433345
Networking and Internet Architecture,1.288582703111514,0.9374262671852472,1.1699387746532801,1.127325542423131,1.3590917501368978,0.9668624123145462,1.043281365538467,1.2494858963495756
"Distributed, Parallel, and Cluster Computing",1.403505591709047,0.9984186073898957,1.240652220640724,1.0931698799442555,1.172952014956393,0.9947976528237964,1.1253688056787645,1.3342575445071978
Computer Science and Game Theory,1.3265712427346628,0.9148401695803464,1.2416823896596663,1.2494825979466122,1.4330908450815738,0.9207227398476571,1.0513045763064817,1.3047650520867162
Performance,1.266883452203418,0.9202432491209773,1.1758800380172376,1.116420315087741,1.2619206608869251,0.9689005501324608,1.1285836911182223,1.1979838324710483
Programming Languages,1.435731633489037,1.0537381540099924,1.3008897593805455,1.1098028879351152,1.1118381711997447,1.0985626856925181,1.0189953715181332,1.3768507943351058
Cryptography and Security,1.3663936466820337,0.9846487633021718,1.2138886692338458,1.0694563561505224,1.1909661526366375,1.0123150846514333,0.9498891352370782,1.3108122285000983
"Computational Engineering, Finance, and Science",1.2320407451557656,0.856732913041067,1.3616549817751167,1.2081655975243801,1.0518451339045072,0.8182322649788651,0.8667408220143257,1.12491611928791
Neural and Evolutionary Computation,1.2850984122677858,0.9472656354264108,1.2078994101891238,0.9135306665929966,1.007815970597026,0.9147770884399147,0.9643042025521743,1.194699059064004
Mathematical Software,1.379667639998499,1.0459036276904505,1.3978347228790653,0.9166399463342535,1.179508258977697,0.9879685111210532,1.0153116904829347,1.2758448025118925
Discrete Mathematics,1.4603600366466587,0.9330974917649216,1.2373741552988387,1.2683787883178295,1.0459934821082288,0.8785719524525035,1.2937954271906629,1.444866776798199
Software Engineering,1.4200884403547542,1.049085520354284,1.1359873963702956,1.0539572646553876,0.9331803173674194,0.8558628951065775,0.843465510738792,1.2711211053762208
Information Theory,1.255793340748863,0.8441020913362669,1.2518504689096193,1.229633655130635,1.7118879088807972,0.9776933494312804,1.120739103746626,1.2013820906730543
Numerical Analysis,1.1722744010701327,0.7729743505665188,1.2545528835271307,1.009301676289191,1.3466642776821707,0.9166359731537068,0.9462176241948561,1.0778615862731054
Graphics,1.3718251307873688,0.9641951036096604,1.4532473586331092,0.8068496203570179,1.0222217354268457,0.950676733509406,1.0384391549107064,1.3023860631241035
Databases,1.5969018548476588,1.058492916291184,1.429774493208222,1.2712327706861397,1.3184498919156866,1.0680954539337366,1.206595477613989,1.5378445234031053
Digital Libraries,1.2075048176756906,0.8544519974244007,1.0571231041700029,0.8994379946183517,1.0917627625868553,0.6964187492461636,0.7516358621934973,1.0343702965352806
Computer Vision and Pattern Recognition,1.004233860305451,0.7300323654324566,1.394067127033001,0.7481867042485759,0.876509213711706,0.704922575808357,0.9380882364409311,1.0616039912898179
Multiagent Systems,1.450469494293623,1.0882588408272138,1.5270872100617006,1.2867152038621754,1.3542287973870544,1.0726352020212275,1.0518935586579214,1.3504276899235053
Operating Systems,1.2547232254481155,0.8778016711770233,0.8330781451489272,0.805671807549243,1.0273665680857778,0.7050578722788898,0.7500540025370617,1.2391123432355486
Symbolic Computation,1.3394207403007652,0.8687070326130809,1.0573236115353524,1.294739342341151,0.9000865464619899,1.0976793794277966,1.2057955625651828,1.2956524827592875
Information Retrieval,1.3750872715140843,0.9422537715217058,1.3969083865456708,0.9824796386681833,1.0186646795620002,0.9072552360436116,1.0065380902269396,1.2117493946918383
Hardware Architecture,1.1215745052488832,0.8739432795973214,1.063850059441468,0.863138658179868,0.9971392272119611,0.8535945156228084,0.8990105247076149,1.1835425848449932
Machine Learning,1.3070667953933506,0.9202519827960952,1.468721436918171,1.0008881481259155,1.4168879729768054,0.9958939089150933,1.0878999100841804,1.3001230182598107
Robotics,1.2295467252493524,0.924939233237748,1.4680710560375827,0.9121635186490952,0.9844089094312157,0.9213925381924046,0.972214116325775,1.2111700306262805
Computers and Society,1.2292080711045703,0.8781144640485241,0.9223875550913703,0.9215241240922891,1.1200456409222288,0.8099558742218176,0.7946583161683866,1.112032701006171
Social and Information Networks,1.2161208038085953,0.8821892056004511,1.3980472904339682,1.067843093802138,1.2532098138285204,0.7827960594998046,0.8550600272805186,1.1230293289732973
Systems and Control,1.3379310186476618,0.962530691971687,1.4727123908752588,1.0522625454421415,1.661916342502261,1.066884538767629,1.015363722141467,1.2777976237857087
Human-Computer Interaction,1.2877149458485109,0.9230677651149505,1.0232054359285117,0.9675588952165847,0.9843845163127017,0.9707628758669162,0.8275926601544389,1.1989319391218645
Emerging Technologies,1.2106217974888758,0.9631904721494002,1.2609492673108922,0.9632143569598637,0.9965600731712734,0.8948388890578075,0.8575257555655996,1.2344033079928252
Multimedia,1.156563454512203,0.8901154767813361,1.1562767317357332,0.9239599507203557,0.9994899376678494,0.9347196202794089,1.1358677560786505,1.1786296440922504
Formal Languages and Automata Theory,1.4322015341572647,1.0807936732943926,1.1694275001732084,1.2716620078147791,1.300405275985736,1.0358471083426897,1.2735592515212122,1.4798906813493957
