name,Abstract,Introduction,Background,Related_Work,Methods,Results,Discussion,Conclusion
Computational Complexity,1.4968592014571651,0.9737032132640011,1.2148484727190638,1.3712367164046233,1.3352962288648982,0.9115381081274021,1.333560624568845,1.5125149163012772
Logic in Computer Science,1.4483341635344271,1.025607443872574,1.2597418336291064,1.294877018287124,1.4486914453166782,1.2562940845902753,1.2340007626094494,1.4088578887320355
Artificial Intelligence,1.4135692395579673,1.0798853301349534,1.4085250665966988,1.119989824685393,1.1942728617486882,0.9967952832721966,1.100695036912671,1.3497288668534047
Computation and Language,1.0310993988223507,0.7800474013002652,1.077778417813733,0.7722441786846174,0.9060944695180824,0.7232163041638108,0.87792678897815,0.9746247596909977
Computational Geometry,1.577939531440726,1.0268799708631877,1.1911087557549944,1.150431834234049,1.199441441327529,1.2452015485959171,1.3936137524002559,1.654048325781962
Data Structures and Algorithms,1.5659320491621154,1.0199753132832243,1.406178730660608,1.2099871567189218,1.2990670221847957,1.1503211313723003,1.377489944984516,1.6823014974498993
Sound,0.9437455013278254,0.7138449139777188,0.9614659176595861,0.8006416241825007,0.8348138344174875,0.7097591322509408,0.8765087473088344,0.9582811499265034
Networking and Internet Architecture,1.278951859478306,0.9281233803043198,1.1450333231670529,1.1201473641119128,1.358320093963837,0.9660402064370964,1.0151891624722875,1.2629146033872771
"Distributed, Parallel, and Cluster Computing",1.4405920841974649,1.0296225822249547,1.2376835331605758,1.1354306049157774,1.1786697333245646,1.0281782935956607,1.1694438326159886,1.3743553610841814
Computer Science and Game Theory,1.3866178344661566,0.9443098785809791,1.2475929617390227,1.2739691648767588,1.4392449338199504,0.9628719663611972,1.0976910323074955,1.379902489551082
Performance,1.3248176712596584,0.9646637379370163,1.2307198268016224,1.13479847671992,1.3311496341639861,0.9779105439443092,1.0675644330769083,1.2502051623784436
Programming Languages,1.4565718764973439,1.1103845074997452,1.2963820726253823,1.1658673019045862,1.1836707283943166,1.2016872903854092,1.055948649830792,1.3978337928645488
Cryptography and Security,1.3585879779898127,1.0054390004039824,1.1815371983764935,1.0403253949024776,1.184492311535719,0.99807698196583,0.9795663444581849,1.3086968002970016
"Computational Engineering, Finance, and Science",1.243731727423343,0.8970894884275836,1.3270388437015306,1.2526996911316928,1.0426497269323478,0.8502672526904219,0.8577372694480345,1.1533286110051435
Neural and Evolutionary Computation,1.270583431069331,0.9966703013223137,1.162081067746109,0.9144196858645713,1.0311339357154201,0.9119869403803971,0.9754388791248945,1.2164627275654196
Mathematical Software,1.454617087543484,1.1185099739423439,1.3417496612137754,1.0456194497833815,1.1639497493552284,1.036223341152164,1.2304696878705612,1.3391400490343575
Discrete Mathematics,1.5278054477455891,1.016811709033566,1.2372941915288005,1.4609594313565781,1.176141254901513,0.9812478450525659,1.357455923445918,1.5358805731071588
Software Engineering,1.3543119576517602,1.0124549160554674,1.1035498004353788,1.013756229557847,0.9423776377053729,0.9088803514867647,0.8035325541853976,1.211632330780912
Information Theory,1.35526043609343,0.9246742129774371,1.287372367593619,1.2615528968890224,1.77477445259959,1.0638760601251107,1.20992172630444,1.2901290034148807
Numerical Analysis,1.2602592636609744,0.8404494215049072,1.2415365729217647,1.1280021396586966,1.3758438814540406,1.0093482796381843,1.0281625204218088,1.1832186823428892
Graphics,1.3703986390155316,1.0375917336721132,1.5668364976232665,0.850157336815543,1.019700478129941,1.0288549683310688,0.9893444398117827,1.3136698478635018
Databases,1.5618979735026455,1.0827937764226785,1.3719103655487332,1.261283678740407,1.3163207571428595,1.0576610609362134,1.1446015837415116,1.4926522554840658
Digital Libraries,1.1080919442412898,0.8555250425229439,1.012893390822995,0.8812210597570429,0.9829254478454874,0.6775630328224491,0.7248513938517245,0.9884674709923396
Computer Vision and Pattern Recognition,0.9732777624167019,0.7190394817727517,1.363333086098139,0.7406854675334389,0.859320103502753,0.7273192464875514,0.9171709004544946,1.061984573157565
Multiagent Systems,1.48718053707709,1.085108148106856,1.3928988413881023,1.250486755595125,1.361974304118509,1.0894980848223075,1.1049704652770627,1.4157566149639376
Operating Systems,1.336353313829219,0.8956719259972379,0.7833230680294576,0.9518193341183155,0.9396063581026782,0.7134534454397966,0.7947698831702832,1.2816984386956285
Symbolic Computation,1.402119372251455,0.9542882189931081,1.0386258995685458,1.1693642518362148,0.9952420354618158,1.2361202217847533,1.2215099312604725,1.418651519128377
Information Retrieval,1.3255218232483106,0.9234868414809017,1.308663841382355,0.9340412197086057,0.9870446644538424,0.8816662710392807,0.926151254860755,1.1742632620903855
Hardware Architecture,1.1529779991889795,0.8946081592892219,1.052389052940386,0.8769380675373313,0.9619736467948579,0.8698558922978965,0.8889379683852805,1.1835130255065376
Machine Learning,1.2534002951431973,0.9187212307000459,1.3798704821672167,0.9588544733136024,1.3873807441773534,1.0179322904692605,1.0816471939548977,1.26546259079194
Robotics,1.2361871043127357,0.9638131983331156,1.3316206818074743,0.9505170347770074,0.9709883106028911,0.9438683830203196,0.9736746976791341,1.225771938022752
Computers and Society,1.1478283420270685,0.8408232057645822,0.9467160349628685,0.8686825143316551,1.041751694746189,0.7794196645228813,0.7598631867477065,1.0647161351590142
Social and Information Networks,1.1560813904674099,0.8698642706510513,1.3727769266386125,1.0200268221457527,1.2098320689271287,0.7665187222822702,0.8048674109893224,1.0979354175076363
Systems and Control,1.4693772687150906,0.9880021830798437,1.387708466279616,1.133613338268956,1.6617177412743562,1.1344020959908456,1.1265683175030792,1.4440895228383586
Human-Computer Interaction,1.2813067997351129,0.9590676541173577,1.0387302425841034,0.9517882146579979,0.9682969966041386,0.9978804965020043,0.8254429256665125,1.1907553606330128
Emerging Technologies,1.2530007369696525,0.9878351908383672,1.2482735752632792,0.9324411258817834,0.9981038185010718,0.9125798753811059,0.8636198641770587,1.317739243231339
Multimedia,1.158872471572789,0.9179892331080277,1.1374969805796689,0.8874561856334813,1.0048865624113033,0.9498988059721135,1.1602896298445065,1.2040551006105884
Formal Languages and Automata Theory,1.476003583105373,1.062011224528826,1.1845936433657336,1.2070128019602908,1.408156268920714,1.0946670209062985,1.2521072510558489,1.4623554520247872
