name,Abstract,Introduction,Background,Related_Work,Methods,Results,Discussion,Conclusion
Computational Complexity,1.4503988059228556,0.8957397164080741,1.2482443455304735,1.3284874475523312,1.213907960305243,0.8503879703070154,1.1989335071180907,1.418180403881664
Logic in Computer Science,1.4129668293138722,0.9758474411408197,1.2597453342800924,1.2460991101758765,1.4318547418597836,1.3043234382140358,1.1881539403641679,1.3849528038026326
Artificial Intelligence,1.3897128369483844,1.0739609006954374,1.4153976385791363,1.1033862873512639,1.191237659106993,1.0288657255970262,1.107788717656582,1.3609945447207574
Computation and Language,1.0797067084739005,0.8237077634780202,1.0655763066479345,0.7819805570256075,0.8971567785940969,0.7460688531824652,0.9245729280996755,1.0504650989874202
Computational Geometry,1.472750248711597,0.9251586462640422,1.1906752128725382,1.0884671924815015,1.1016838331216283,1.2412671425740012,1.3191891587312055,1.519651539887052
Data Structures and Algorithms,1.5352730176172102,0.9505825382893427,1.4193961378761024,1.1977904581472023,1.2048766686785108,1.1404968465397616,1.3621258096341542,1.6486462773504407
Sound,1.0413350299294246,0.7484202566601587,1.0596137915692496,0.7911709250880951,0.8740691231869389,0.7671875842670616,0.9430747805765134,1.0549560959994535
Networking and Internet Architecture,1.2756484851142629,0.9506422744657278,1.127189231706421,1.1218825688932386,1.4043458566426434,1.0214589135319747,1.0404936800353408,1.2507859394091045
"Distributed, Parallel, and Cluster Computing",1.3898173046878846,1.0049156318253953,1.2289857162885789,1.1163615015771882,1.1766452725633811,1.064360086825169,1.141251789411531,1.356017719881658
Computer Science and Game Theory,1.3421240265671444,0.91689010789568,1.2610030187290366,1.2321371007119641,1.4376512715385807,0.9716646245471111,1.0602369686626245,1.340074138854297
Performance,1.337575621631154,0.9626988429270823,1.1890232582968123,1.1656459244989883,1.3394233680397296,1.0154625538702902,1.021144816864356,1.2755381403539088
Programming Languages,1.3918776750260202,1.0865759790133216,1.2624634468064304,1.1294337610827792,1.1126606990523245,1.220508326122412,1.0712345844672633,1.3436662494678948
Cryptography and Security,1.3661023661462814,1.0037145256745426,1.1892328148804014,1.0364851526277707,1.190727783949252,1.0245287067770874,0.9979428258042985,1.3330503495007953
"Computational Engineering, Finance, and Science",1.2955489015031298,0.9201615781024325,1.3158815767649863,1.232742652495774,1.065324115434632,0.8890579962382275,0.8883046282282647,1.1853407178226536
Neural and Evolutionary Computation,1.2517713333282356,0.9801881909653801,1.2052340810386348,0.8977799457459117,1.0140607702923718,0.9575423797286612,0.9847741415845558,1.203142197383495
Mathematical Software,1.501901065463054,1.1471366401522334,1.399739446828319,1.003897049313598,1.2136395482398925,1.0882799327119008,1.2148735237866164,1.388967182990068
Discrete Mathematics,1.419658105375935,0.9193963973598557,1.2305429263312635,1.363875974232309,1.0662629876350287,0.9554348300959631,1.3365862264551078,1.4511847185501952
Software Engineering,1.3196034147514677,1.0128001412168062,1.108274605314744,1.0129583349312514,0.9431023759448208,0.8964110200876918,0.8438742051171649,1.2275609037425739
Information Theory,1.3083319296900946,0.8886857667247857,1.306864131045066,1.2902876669667447,1.7882106529300952,1.065626907937676,1.1273145429226072,1.2483502961330386
Numerical Analysis,1.3154587764498158,0.8828064529531958,1.2900065930194555,1.2040810039858962,1.3580603799897355,1.049661705868849,1.1054465025112736,1.224802571890443
Graphics,1.4413939195225132,1.0707591851344205,1.5403907462229476,0.836651677030126,1.1194662169477152,1.0528208530565195,1.0289666365269707,1.3665067398707176
Databases,1.5918905201350806,1.1084987487991707,1.3802885573764403,1.2844276263550785,1.240433545627987,1.1110468637521411,1.1339832402713077,1.5664815758126107
Digital Libraries,1.1262489695506528,0.855602322735101,1.077057002454706,0.8791988302177656,1.0351671429842468,0.7024238140749548,0.689979803792942,1.0448162646521095
Computer Vision and Pattern Recognition,0.9143059835605558,0.6898164858499248,1.384205246246472,0.6630804902851027,0.8364911822343296,0.7327964614128172,0.9197383588987329,1.022005271809594
Multiagent Systems,1.4778752670585662,1.0950042306921648,1.4840766081730763,1.2513178703726509,1.336474075363859,1.1411701527534188,1.0653252057409017,1.395555631176652
Operating Systems,1.2740607161338173,0.9511474688742965,0.8041765966214001,0.8949495613935537,0.908420537211947,0.7737131712964382,0.8209959901100224,1.2511329695555296
Symbolic Computation,1.5171801149816213,0.962138983048058,1.059457419638036,1.129380051374515,1.029714361221437,1.3686928642574139,1.2657504073430073,1.479157359618879
Information Retrieval,1.3411941103107272,0.9463501974185415,1.306586656720053,0.9383510128032603,1.005865635493921,0.9192133733296857,1.0076758475427487,1.2128687480830305
Hardware Architecture,1.1460858712684543,0.9165792989873378,1.1180055312590254,0.8636033086675716,0.9670437267291219,0.9362284836052084,0.9516573801811566,1.2402108836151162
Machine Learning,1.2908766740579616,0.945867074746839,1.433274598958534,0.9827318699583829,1.34757052084942,1.0328437858686719,1.0911187205053023,1.3251769343596527
Robotics,1.2071117037701742,0.9303704989147545,1.4085063184033548,0.8934994030733261,0.9961402111558887,0.9488217968869762,0.9600999385951979,1.1865629150429444
Computers and Society,1.1439343444868657,0.8638080301812012,0.9628373443034145,0.8702477899964279,1.058095343627519,0.8402346888689514,0.7797487227418392,1.0737959516633961
Social and Information Networks,1.2653340761781897,0.9253970650012316,1.4268889057741605,1.0848975111706323,1.2530503211320259,0.8345969330453428,0.8540076724938823,1.178886707031762
Systems and Control,1.3745891068826548,0.9437709083263415,1.4411876357262177,1.108161105905591,1.68200812430011,1.19408819516153,1.0803727453417613,1.360113083425861
Human-Computer Interaction,1.1798523903283398,0.9106698587341807,0.9858071781280983,0.877640092932149,0.9587183660038158,0.9843332623037062,0.838474874584428,1.1525292157576774
Emerging Technologies,1.3415755246686767,1.0252056201658901,1.2291273513866063,1.0835633667425566,1.0674212368457987,0.9020960370724028,0.8730958378223107,1.3615929337170325
Multimedia,1.135957339188201,0.8576303399630237,1.2472987321521565,0.9033255948432489,1.0412218270821243,0.9612103356412101,1.1547484378043436,1.1732394270480377
Formal Languages and Automata Theory,1.4200263157290143,1.015664330616147,1.1951913065883844,1.2163387489670299,1.3056572505177855,1.0373496451358368,1.127424725784082,1.454924081545965
