name,Abstract,Introduction,Background,Related_Work,Methods,Results,Discussion,Conclusion
Computational Complexity,1.5649033641941983,0.9977461751763891,1.2221669715240804,1.3516413100516274,1.2783264270908055,0.8823133532532141,1.3499616315118235,1.5411893307425597
Logic in Computer Science,1.5133892269325369,1.0950124945128392,1.303431462203666,1.2912720867275267,1.4327737845864883,1.3191742686620456,1.260160510255327,1.4659176727899097
Artificial Intelligence,1.4433028201936329,1.1017745126193759,1.4435046308558237,1.140358746859427,1.2407545580424804,1.0509727997261922,1.1587739390640002,1.3964911672160936
Computation and Language,1.1209741339724806,0.8231689455769939,1.1356417989692837,0.8145752808761022,0.9481718476672018,0.7661234837453845,0.9455185924958776,1.0771056601487856
Computational Geometry,1.5335194614962626,1.030460980839996,1.159095544131209,1.1761656699730632,1.164449281479527,1.2403492226122164,1.459043221798232,1.6606412326379218
Data Structures and Algorithms,1.5912801457658532,1.057513087165986,1.3566712984162983,1.2757196320625104,1.2576930070006838,1.1983293183890722,1.4512750570276496,1.6820420577979662
Sound,1.0080177142063513,0.7433053098448689,1.0840906959209196,0.8574274017991065,0.8828866929841512,0.7753834271451829,0.9192912651970839,1.0322152577050705
Networking and Internet Architecture,1.2816644496107639,0.9415262005865411,1.1604885550987447,1.1270780777151155,1.382951735203471,1.019760468915858,1.0807886033313,1.2683855745720674
"Distributed, Parallel, and Cluster Computing",1.41223513120026,1.033486336079664,1.227886950305441,1.1267364623763587,1.1789306799264885,1.041686417114852,1.1268449242865224,1.3831962267011833
Computer Science and Game Theory,1.3994690065724626,0.9755105076516264,1.1877655747667002,1.2449259268015431,1.4286448351798615,1.006274668506523,1.1296455718892207,1.3767933282343585
Performance,1.3572382657905016,0.9674489902562422,1.1828389579054006,1.1784914407809204,1.3057914680929972,1.029718396195411,1.0792081080840414,1.2801655735474526
Programming Languages,1.396204132319709,1.092878518093744,1.4070441244732468,1.1216478909005048,1.112316160753481,1.2154078107400206,1.0910648973636778,1.369234269080442
Cryptography and Security,1.3679353465687905,1.0035662383778485,1.2156577245373958,1.0637182572894985,1.1438596093846332,1.0292047851196569,0.9941573262871903,1.3397947268496886
"Computational Engineering, Finance, and Science",1.3051097917090253,0.9401215758171584,1.4243716950421292,1.2788050387501892,1.0955106839114679,0.8749940091319218,0.9335166583349189,1.2204074975121804
Neural and Evolutionary Computation,1.2701059806611337,0.9938965793570289,1.153838939040707,0.9351972251227976,1.0674677264441348,0.9425588830736519,1.0198357180602056,1.2381051002284447
Mathematical Software,1.5249260736303598,1.1781509862721293,1.4892184781657272,0.9815202155481363,1.236483664789586,1.1345351801394628,1.1380055037017118,1.3756645498215154
Discrete Mathematics,1.5703100000469556,0.9983387233493943,1.1949992239410778,1.4660242980439318,1.0848322794800236,0.9364931677039955,1.4159881060531947,1.513595292395864
Software Engineering,1.3316206515706996,1.0132547093936894,1.1154435897092891,1.0062067755885278,0.9319393281723941,0.8674535619592144,0.8390426600176512,1.1979797203329332
Information Theory,1.3263700507285503,0.9148687468124287,1.2116332252866138,1.3239061480395184,1.7749525489191822,1.055600346538906,1.1600941486753482,1.2598943183013993
Numerical Analysis,1.3568648311034495,0.9115291596848746,1.313703240642699,1.1951077281168887,1.3579945663779234,1.0565207619666908,1.1152535350420059,1.2450708356583513
Graphics,1.427749530110881,1.09250096839843,1.4744988471767684,0.8587211756099533,1.0719601696738328,1.0610615464751336,1.114673531845069,1.4200019568429796
Databases,1.6047044538914796,1.0831169442159863,1.3954483008811658,1.2920553792045792,1.2295666798702674,1.0799005327200517,1.245050289834339,1.546355156369948
Digital Libraries,1.13664468449125,0.8677413985068659,1.012160372626092,0.9110422994482494,1.0252600749437497,0.68702658034864,0.6906168472792652,1.0132946772575915
Computer Vision and Pattern Recognition,0.9653251864921257,0.7236587488809846,1.3610008683410346,0.7094012096962776,0.8616743150312319,0.7302067279395635,0.9452147300735029,1.047763745627937
Multiagent Systems,1.489133295687461,1.1345280516824814,1.4835302957257135,1.278650223723383,1.3917557579554796,1.1634537160588563,1.1193110299495712,1.4059363404957261
Operating Systems,1.4134211293807502,0.9531750386936286,0.8371149150820343,0.9617067291341829,0.9574339734391637,0.8585543944972011,0.9924167388669729,1.414039192348889
Symbolic Computation,1.541486251053066,1.0036246063498768,0.9229136581766519,1.349548542635668,0.9972669257887449,1.306653626080158,1.3271755009624726,1.4762432566861219
Information Retrieval,1.355359092521533,0.9482720068724773,1.342793273579096,0.959988537040767,1.0108406179795624,0.8978392030429209,1.0000792489897607,1.2107944452712944
Hardware Architecture,1.1765578314097327,0.9207516113838732,1.0583941290378378,0.948046880820453,0.9908486282922236,0.9543821404577912,0.9290234612096179,1.2338959908248774
Machine Learning,1.284779743184618,0.9690780454068071,1.4102853697015125,0.988575053395471,1.407748882747183,1.0349926984335118,1.1129938775518928,1.3182131028020114
Robotics,1.2734986821462064,0.989931956493737,1.4331047962248076,0.955722743192143,1.014841845846734,0.9918916323018656,1.0285877288614251,1.2682022204591958
Computers and Society,1.184413439374747,0.8946365260533564,0.9730181523396845,0.9365366344684416,1.050495165361533,0.8171659769902399,0.8104277158704544,1.1185868227028026
Social and Information Networks,1.2496494486108183,0.9286888653106131,1.3738916329516715,1.0719609405347454,1.2347125469983309,0.8337580233814716,0.8732641375229967,1.147542660224784
Systems and Control,1.4122189351091494,1.0263173460145454,1.472940496703745,1.0870255122733212,1.7075308747429492,1.1679627565827744,1.1371537198193795,1.373690805926138
Human-Computer Interaction,1.2788740489678003,0.9427067124146511,0.9879666420814712,0.9454777504297021,0.979482224609596,0.9839131467240074,0.867421026646302,1.2054859563217923
Emerging Technologies,1.3210632681529793,1.0528445416603827,1.3339770104666686,1.1290092117500732,1.0542824567706048,0.9376725351359754,0.9307803352026515,1.3607973358539114
Multimedia,1.1434771576799234,0.8790305338005914,1.2331135734099128,0.9132111911838738,0.9492366833101732,0.9740588112902459,1.2265716897748387,1.174256614865099
Formal Languages and Automata Theory,1.5973557075080345,1.1539205452156687,1.2173450007209516,1.413105130923382,1.3078463232585729,1.064363725423743,1.3197580954709445,1.5926283589426595
