name,Abstract,Introduction,Background,Related_Work,Methods,Results,Discussion,Conclusion
Computational Complexity,1.4416998813371882,0.883490259029609,1.1831199612669414,1.3110373960398007,1.2133504213156574,0.8411683034132988,1.2623242903046756,1.4235798589413178
Logic in Computer Science,1.4195936251678456,0.9805114265298649,1.266937453231677,1.2045610230349688,1.4402163697885775,1.2772099275934774,1.1822366264340831,1.3694671318837788
Artificial Intelligence,1.398198764519421,1.0494561563724367,1.4548322062212864,1.092534760914495,1.217913119660583,1.0200300239779208,1.1035981072748207,1.3447812620437554
Computation and Language,1.0410114105055095,0.7606005437666182,1.085070724797015,0.7760827412832575,0.9187264353888971,0.7393239113168666,0.8714694650973559,0.9771422562441604
Computational Geometry,1.5400126733982442,0.9538741265911511,1.1573590329928336,1.1777014707113334,1.1108114292182885,1.234898941742009,1.3068688089753355,1.575967188604019
Data Structures and Algorithms,1.5181040802273194,0.9489525811537823,1.2892057913699717,1.2042846978278698,1.2112325824218386,1.1391908833113786,1.3760092771926578,1.6243642818447168
Sound,0.9947663432752614,0.7567197838774499,1.0470485049377185,0.8373865905053123,0.8923863709462113,0.7521487493254133,0.8703741901264195,1.0115229668947932
Networking and Internet Architecture,1.230016777989253,0.9107729702633064,1.0706148559982531,1.086140048987244,1.3157419684034048,0.9835562668154848,1.0319368813911776,1.199863484234826
"Distributed, Parallel, and Cluster Computing",1.3906105701536253,0.9884782391455452,1.1954150556952212,1.1082015621378205,1.157949826049718,1.0513895046930952,1.1334744185053094,1.338561952889687
Computer Science and Game Theory,1.3374541442202328,0.9058390646662957,1.2119010955984721,1.1938170891996738,1.4068170332894565,0.9650453996988257,1.062416190687108,1.314940095047241
Performance,1.3303062564162746,0.9465686645894493,1.1625709854114321,1.1589971762032545,1.2745234034205308,0.9987823037259004,1.0547799713645094,1.240512295274325
Programming Languages,1.4136538816726378,1.048150317755945,1.2557324128866851,1.1110553894039594,1.1202472778101609,1.1717517471435186,1.093391884514409,1.341032911966932
Cryptography and Security,1.360055163670883,0.993664092900211,1.153096050424021,1.0563023792545934,1.155529450009086,1.0131556816979477,0.9981978575003237,1.3245327556045885
"Computational Engineering, Finance, and Science",1.2921616118884292,0.8932181909814351,1.302394437015573,1.161720470736684,1.0104171572893421,0.8494480906609603,0.8770060495836994,1.1924529792911605
Neural and Evolutionary Computation,1.2354110297329084,0.957622764119495,1.185245039371707,0.8669994762614364,1.0234328061188702,0.9356411766762356,0.9937833536409368,1.1843554789612651
Mathematical Software,1.4026587169872942,1.1061112581997776,1.360785944957179,1.0131118949732623,1.1865820878405147,1.0382746351712067,1.1844965039943436,1.2856815824115755
Discrete Mathematics,1.4386316658164393,0.9110268270437035,1.1961636842868864,1.281310652117857,1.0427311445314806,0.9246822895594284,1.3130909198501468,1.448573720124385
Software Engineering,1.293678711252502,0.9538863504220563,1.089168890740224,0.9481334993910796,0.9195291078920695,0.8389322029681341,0.8082764237069233,1.1654640517163681
Information Theory,1.2884523533865342,0.8444452479053458,1.212889729861083,1.331393303878615,1.721676787888331,1.0469264658641835,1.100707852333002,1.2455220628817298
Numerical Analysis,1.299532918568494,0.8617850145274021,1.1609567240572127,1.1288301237257727,1.3415242550213708,1.0285242583463872,1.0681068103544455,1.2036898577219521
Graphics,1.3789764720861262,1.0242276459739543,1.5565102533133477,0.8732417684226261,1.0605630600975433,1.0632233184950977,1.0703720918644688,1.3524534820268204
Databases,1.618457409576855,1.0608855945147415,1.3402923103838884,1.2595422679741333,1.2757393054395252,1.1193111921822214,1.1810598887530284,1.5550070780976923
Digital Libraries,1.1668001302476205,0.8569538475936752,1.0743716548754534,0.8903745075230955,1.0909192425036531,0.6932514176978287,0.7263974545947134,1.0271153623370557
Computer Vision and Pattern Recognition,0.9859024530204792,0.711835910792323,1.3851692948505727,0.7116702945284435,0.8525889148255746,0.7230131845606844,0.9215913326405536,1.0705958772646316
Multiagent Systems,1.4348593037109103,1.0966353692849589,1.483930232497194,1.278205399649061,1.31951619657758,1.106841829296101,1.0656627469147473,1.3695164495477374
Operating Systems,1.2637811839771316,0.83823832011262,0.8053493133812658,0.8861077331275694,0.9149664069257365,0.7840189944546069,0.7205041616654575,1.205484641837103
Symbolic Computation,1.484910491948328,0.9018979524370712,0.9491236374419147,1.1523128289912785,0.9548751294237964,1.2515475562542953,1.3085529954262325,1.4451639059325554
Information Retrieval,1.3610230888849308,0.9598730727433015,1.3091256109016645,0.9739908454260445,1.0249839081529772,0.8998173647079948,0.9925916573303742,1.2001689630053884
Hardware Architecture,1.1359927517096444,0.8717924453465838,1.0803563546674053,0.8701009716131398,0.9551675712042313,0.8992995926295838,0.9561098681875481,1.2188523195353471
Machine Learning,1.3091062408299114,0.9330615529469203,1.4485550699659755,0.9900888635568209,1.4129167612666635,1.0400897208864117,1.1033172694701512,1.3148826094926345
Robotics,1.250782106712841,0.9382444564437852,1.398640108925338,0.906839507208552,1.0246156054826352,0.9937407998385511,0.992773123115084,1.2363641125148737
Computers and Society,1.1083474321757167,0.8394320021531901,0.9620972534252885,0.8696789763342689,1.044530352272035,0.7938923580884845,0.7778760063801845,1.0434017726745692
Social and Information Networks,1.2401440753308,0.9094738252161334,1.3572236441775407,1.0295534626731155,1.2324391289203727,0.8136209143775223,0.8472969205178661,1.1313290150288235
Systems and Control,1.373788381587515,0.9668664051239138,1.424001792800621,1.0555067845466426,1.664515157480152,1.1053027943358082,1.0276721676609415,1.3139030843122625
Human-Computer Interaction,1.203410054416569,0.903687840927919,1.000189353929798,0.9163718945887767,0.9950443911968474,0.9804794055751145,0.8251013855412861,1.1503352197297347
Emerging Technologies,1.27295326826647,0.9712881787896975,1.2123675382031187,1.0136093340362382,1.0675777988932418,0.9149882936124641,0.9276122730438168,1.3059022023375129
Multimedia,1.1890007741609678,0.8864337900002129,1.2497519018871421,0.9016899630337368,0.9984569048929671,0.9719782265715381,1.2020217814157588,1.1960828928330332
Formal Languages and Automata Theory,1.434917994099229,1.0032925268556971,1.2374230450170343,1.1359854296812473,1.2968920168662266,0.9921233698704186,1.2204373678561746,1.4884969882046544
