name,Abstract,Introduction,Background,Related_Work,Methods,Results,Discussion,Conclusion
Computational Complexity,1.4554430040613757,0.9154313322039334,1.2567086138640837,1.241191445344781,1.2396913827282092,0.8678011255933723,1.249224645579754,1.4755318394792607
Logic in Computer Science,1.3937161474445292,0.9774216473308808,1.256294892751524,1.2338257588202932,1.3995575849616215,1.2249507578974914,1.2622991256631286,1.4103026413075463
Artificial Intelligence,1.4288746128355652,1.0669748773537766,1.4813726264766809,1.1504450323136166,1.2228275518330753,1.0158358615400604,1.1597216313564982,1.373080178796717
Computation and Language,1.1676389720496032,0.836926766408566,1.2210873738412358,0.8267442322870275,0.9419830755196275,0.7707325537844644,0.976140747481958,1.1423582221189652
Computational Geometry,1.4031825221443943,0.9426566739793149,1.1772183992863068,1.0967081060905375,1.0842531876554287,1.1123442721022825,1.3112521288735937,1.4733597882598592
Data Structures and Algorithms,1.5473081687506944,0.9760770667625399,1.445902368080498,1.2085497648353238,1.2500403872646302,1.1219346657092555,1.3656442053237505,1.6393956026708114
Sound,1.0836115173485028,0.7951017010176262,1.0521566513882554,0.926541771592278,0.9050741295188269,0.78844125950716,1.002492192834365,1.1135042836163445
Networking and Internet Architecture,1.2844558880629995,0.9519283452897791,1.1687969660603226,1.1065664818564513,1.3942489875542048,0.9933105522177118,1.0635136185966818,1.2449567208134433
"Distributed, Parallel, and Cluster Computing",1.41999055162737,1.0092038127278657,1.2760528057498055,1.1259501072928486,1.217649842534253,1.050849887897287,1.10991571565329,1.3428535214107786
Computer Science and Game Theory,1.3654818507969206,0.9347693304912448,1.325788798605833,1.20389236592012,1.4305889671067318,0.9880815932907275,1.1058770248491157,1.3382652046276844
Performance,1.332034018389908,0.9538931037367829,1.2317525392682276,1.217042133791336,1.3548226142716995,0.9693741836232818,1.1196168517959897,1.2125755542387273
Programming Languages,1.417350362131672,1.1019305236284271,1.2540546113138984,1.1515880528356404,1.159539700223529,1.2160582678553151,1.0181244609040743,1.4006418656541693
Cryptography and Security,1.3283411764852073,0.993475215486747,1.255398757760182,1.0668516756711606,1.2029400882384658,1.0396132153877893,1.0054689541827626,1.3260690916458837
"Computational Engineering, Finance, and Science",1.2952820290387523,0.8899548414722058,1.3540241915195963,1.2495707854818272,1.0398186651529082,0.8543266725922765,0.8907849337315694,1.192302310101903
Neural and Evolutionary Computation,1.308583347844895,1.0054124977314154,1.267805489699441,0.9819199615501868,1.0273059257030162,0.9360299569149727,1.0251493537217582,1.2462046742182382
Mathematical Software,1.4365155164420778,1.095686921927861,1.4402863225092655,0.9920953962300828,1.1790969800731537,0.9976877591230366,1.118125200553371,1.3147928367450148
Discrete Mathematics,1.406110572139232,0.9155171743863404,1.2775959966461377,1.4044042768726623,1.0698489688851338,0.903053826967815,1.4153128610951602,1.4420038343285915
Software Engineering,1.313119100311533,0.9963830964172032,1.1596091635813925,1.0204269431253548,0.9073705290881451,0.8923081839113847,0.8029222254634887,1.1894920498298465
Information Theory,1.3023743856487373,0.8504374786582253,1.3370857978973048,1.2808744094721993,1.7866207751288152,1.0482186837460072,1.1304892833648992,1.2443101553674787
Numerical Analysis,1.3300473222732976,0.8546581743641529,1.4100256795976014,1.0984434190237709,1.4264837689725507,1.0084473126010671,1.081413596554989,1.2150816126794255
Graphics,1.3379331947665356,1.0065066378602399,1.4594099936115523,0.8449115648191325,0.9991957939156785,0.9645856289907506,0.9731039854719133,1.3218616795015938
Databases,1.5272908080962837,1.0435889564807552,1.4204739616395576,1.2955701017031434,1.2978130927334262,1.0210921249573532,1.1397890795324968,1.4578593627876684
Digital Libraries,1.044843951081488,0.7782963834733735,0.907702091525111,0.8400912789627659,0.927032209615984,0.6431522817202868,0.6664389485160432,0.9277587738974908
Computer Vision and Pattern Recognition,0.9906538700585497,0.7347371690719576,1.463602302843986,0.7622733576958117,0.8946839230126383,0.7184177154129586,0.9477779221950174,1.0895180322542222
Multiagent Systems,1.4562758770287294,1.1021520471339301,1.5539334208649735,1.2644282450562734,1.373554134507415,1.0965503634736498,1.0457766184838693,1.4097515367616706
Operating Systems,1.360459925812633,0.9339765658249438,0.8317004467361477,1.0575539002862948,1.059798392165469,0.8071802557635235,0.7796742810932928,1.2943910648376913
Symbolic Computation,1.3822280580233701,0.9087358217352988,1.0711593836158746,1.294487828654858,0.9832407818540948,1.2053431795561422,1.3256645816364685,1.3653403582869026
Information Retrieval,1.272034399897283,0.8865045839396629,1.3123137846934596,0.9194494367410933,0.9777545688755943,0.8429909362669078,0.95534243769799,1.1343624938022123
Hardware Architecture,1.1864851199673787,0.9236709139769823,1.1239194293422567,0.9640857071342778,1.0158412056218944,0.9029937566913939,0.8723174899969887,1.2283032283297641
Machine Learning,1.327759255592354,0.9601648337462731,1.5246964287616227,1.021313610887692,1.4239152730257398,1.0205291441027071,1.1385545048027312,1.344359723234232
Robotics,1.2360350713862833,0.9373137641971531,1.4915517727834644,0.9195749968428135,1.0234323473699254,0.940416449237664,1.0010841046347023,1.2256182266052154
Computers and Society,1.093607820370419,0.8055738788625283,0.9240679794866385,0.8482358496921654,0.9786205571686107,0.7771427733841509,0.7567266398833385,1.0141212756536553
Social and Information Networks,1.1128447224746485,0.849314407747078,1.3716982418623902,0.9788270337050996,1.180513341077723,0.7479159398573181,0.7867641762329011,1.0463799215416543
Systems and Control,1.4446649577825847,0.990928387950049,1.5130127919435223,1.0784297673170677,1.7276571832927738,1.163663954656635,1.0897560813291178,1.3994907491157218
Human-Computer Interaction,1.2169866496096524,0.9210219348624038,1.0015122220497634,0.9336799496989873,0.9622075337307594,1.0067669014563871,0.8434466731376022,1.1830311401597633
Emerging Technologies,1.2830637647986014,0.9774774966709796,1.1947985862076165,1.050564339843166,1.0710029721132968,0.8782731230705344,0.8936011394700403,1.3067187783486558
Multimedia,1.1773367788878355,0.8918777406810154,1.3391275752625669,0.945358894011705,1.0123026752220092,0.9316439851675685,1.2120931295545467,1.225477538845967
Formal Languages and Automata Theory,1.424977818043091,1.0096297474564204,1.207564255735999,1.2200043748272125,1.3282585042018722,0.9874434659850403,1.3535950881994838,1.4932146665950645
