name,Abstract,Introduction,Background,Related_Work,Methods,Results,Discussion,Conclusion
Computational Complexity,1.598013675409804,1.0053464008357231,1.2195368831396212,1.406511210703113,1.3535665192205735,0.8896336823192403,1.4186036779987437,1.578871571737405
Logic in Computer Science,1.5483758430554342,1.0598150910162694,1.2637895671673378,1.3208513171842062,1.385761958949293,1.2521951498604722,1.2907718442423974,1.4867799591332982
Artificial Intelligence,1.4114240981916393,1.111517324573643,1.4059588241861511,1.1403391508765586,1.2401109827545964,1.0501200587624833,1.1254379538802501,1.3945206159029524
Computation and Language,1.0835131692664688,0.8151386666173689,1.0720019759553476,0.7966692876154422,0.9262732015657626,0.7675871305837562,0.9167135050714866,1.0351185951424888
Computational Geometry,1.4613956595687558,0.9743585175952638,1.123852238964987,1.1269891774598648,1.1234193199491254,1.2122819369685582,1.4513809347161095,1.5476697419425955
Data Structures and Algorithms,1.5952173434080723,1.0459703868450845,1.3789673691806232,1.2580442679986747,1.2640812353242417,1.1770256883259542,1.4388865567422346,1.7126940020024453
Sound,1.0354331492412538,0.7576923548665507,1.0612011333004403,0.8714121010727696,0.8946417438286296,0.7976226540928372,0.940030595212588,1.0588055313295768
Networking and Internet Architecture,1.274586761971357,0.9517284638514408,1.143603316871699,1.1248757235142728,1.3924074427105317,1.0161139507626427,1.0779552977428695,1.2529643962362964
"Distributed, Parallel, and Cluster Computing",1.4125198671406438,1.0340492236045458,1.1927252837058229,1.166822033710359,1.2040684653574727,1.0597821147476192,1.1128303123529197,1.3683238278935594
Computer Science and Game Theory,1.351487719243844,0.9440347173220883,1.1688270263638536,1.2602669667302018,1.4223187062208211,0.9655106028489844,1.1047445006852885,1.358083680925345
Performance,1.3060589118015666,0.9803450641833412,1.2490070825507844,1.1582647881977717,1.2810194908419708,1.0049910151615944,1.073551421232298,1.3077760467372312
Programming Languages,1.4482324163145157,1.1078155376606817,1.3245501181682873,1.193449670358224,1.1516493098735858,1.2267190195764388,1.1585012720481,1.400962636816362
Cryptography and Security,1.4107267836208794,1.0263508008977242,1.201840645440987,1.0544881388835197,1.2122353377965454,1.0358958158018055,0.9665657991588649,1.3584844996237853
"Computational Engineering, Finance, and Science",1.2349619468761577,0.8978811635850772,1.34273176875827,1.1938008724278564,1.0304476835788505,0.8795058531793882,0.8563837281227191,1.1501683119041715
Neural and Evolutionary Computation,1.2928782325158212,1.0041132091045322,1.1793602162632042,0.9378187107031966,1.0342481435237267,0.9610155036070382,0.9786190536204056,1.249781665152775
Mathematical Software,1.4741948103370865,1.1592225164259506,1.3986957720095086,1.0270694596434737,1.182808196851438,1.1291311167319524,1.1933351552987221,1.3815820769099079
Discrete Mathematics,1.5438516490705663,0.9909809072809067,1.1606518743616607,1.3838560257046522,1.0901384872119186,0.9788103256204267,1.380752434452581,1.5189637748072542
Software Engineering,1.3346061336046091,1.01191255444123,1.142673890838876,0.9848829261028889,0.921163699035706,0.8602173353993846,0.8356471371417653,1.220103088297999
Information Theory,1.3508509480880417,0.936999352966993,1.1981505973411695,1.3854580190819894,1.7674332138918842,1.0583438308375717,1.1683411707758926,1.259858700882418
Numerical Analysis,1.3223610534131316,0.8581603141081506,1.2500559182851514,1.1232310701446158,1.3721052057455947,1.056132229630782,1.0640347129947845,1.1987161503124466
Graphics,1.369686018227067,1.0262977918651894,1.4281402725780608,0.8413877826272427,1.0196946845873331,1.04263783118683,1.0619758841485276,1.351236714052731
Databases,1.616204733740551,1.1144041896005055,1.3215587763907777,1.3422790139975025,1.29793439082063,1.1307137502270195,1.1730355885069943,1.5697889262259157
Digital Libraries,1.0514437157837166,0.8275149985396365,1.0137545130355958,0.9013152121367098,1.0169353342954899,0.6915198948984657,0.7086984775499051,0.9723257225988743
Computer Vision and Pattern Recognition,0.9711363284308531,0.7328113478301007,1.3758760420174332,0.7365045045790717,0.8738293810378549,0.7441270892018474,0.9381113049900403,1.0662943872691264
Multiagent Systems,1.4535821890187293,1.1131624300522176,1.4305330610046993,1.3020797887894657,1.3497890951477232,1.1173345983087322,1.0547411695117834,1.399256178134447
Operating Systems,1.3974984808093618,1.0016813439652144,0.7826126999166684,0.979769381963175,0.9701333616264419,0.8245443667544785,0.8625309804629078,1.3015416491364546
Symbolic Computation,1.5337783124603215,0.9828431484489362,0.96580312622709,1.274515323612343,1.0246843715159502,1.3007390338455211,1.246082774526298,1.5085357749331838
Information Retrieval,1.3205994121188953,0.9569944396789921,1.3121464672013714,0.9831949224508312,1.0087019166071511,0.9180228256879576,0.9856699991904998,1.2030090975024634
Hardware Architecture,1.1998268054579098,0.9150357173782298,1.0608570007284626,0.9582552872060588,1.051381803845157,0.9626950973231804,0.9575441658722232,1.260700680092622
Machine Learning,1.2744945394000298,0.9429087938453098,1.3690977706129572,0.9993327169073495,1.4202603636252518,1.0303131892109854,1.0874647389371865,1.2941939393904935
Robotics,1.2298510902450168,0.9438786896198423,1.4312795743486435,0.9150765158255654,1.0204788380052565,0.976897071798249,1.015017749374992,1.2281431842245556
Computers and Society,1.1244273261360778,0.852354471818587,0.9313797989705541,0.8835949269506613,1.0704650458102778,0.8173083641905671,0.7698582607017695,1.0811797368715539
Social and Information Networks,1.1745719236556553,0.9101094344512746,1.3455472346192319,1.0298347867507092,1.1979334206549614,0.8135459769843993,0.8744300446110734,1.1361248317352253
Systems and Control,1.3817423046538027,0.9783700737667602,1.4306472535544636,1.021945700561467,1.6866293457535173,1.11500088044543,1.062300302132568,1.3258074075596835
Human-Computer Interaction,1.1552132202531757,0.9023499973265571,0.9828566270574832,0.9191163209986054,0.9438866376909016,0.9838049212807518,0.8170322781679347,1.104194838496579
Emerging Technologies,1.2753511449462487,1.0272685429745172,1.304757558774176,1.0876195175918253,1.0375820639553959,0.9054532687815661,0.8246540239966837,1.3203993023083191
Multimedia,1.2150887201494958,0.9360689990759128,1.2971911247899095,0.9523328632772404,1.0467827790694744,1.0370147940365921,1.2588572353814804,1.2714467627930912
Formal Languages and Automata Theory,1.5540319416949075,1.1116082470897932,1.1674039757246693,1.3006351579042883,1.2341803409936651,1.0837794207961633,1.330992307958261,1.5608587458166852
