name,Abstract,Introduction,Background,Related_Work,Methods,Results,Discussion,Conclusion
Computational Complexity,1.5036423958981053,0.9584930085847881,1.2292458356054048,1.4375067984026155,1.3345208885927373,0.9247878374375689,1.3422723550839535,1.5001466463450708
Logic in Computer Science,1.4378353873147753,0.9970905499241471,1.2189103745676866,1.2624880594976593,1.4555872591410135,1.2370749150745821,1.2200857918328027,1.3715389741218096
Artificial Intelligence,1.4002457666955173,1.0663824304932845,1.4149950115221854,1.0914982666753665,1.192919383888152,1.005349904849487,1.0928442729212244,1.3335052018920939
Computation and Language,0.9784024541254167,0.7138654296429884,0.9931009916086359,0.6994012241883775,0.8181662032429714,0.6666625305717635,0.806499873558509,0.9050424658157982
Computational Geometry,1.5128292258281921,0.974488501746621,1.1512376042782742,1.1481161777708428,1.176210544901911,1.2453474923310741,1.4317924849387478,1.60105262144947
Data Structures and Algorithms,1.5772419263143234,1.022371615941056,1.3503354520432485,1.1696723326743463,1.2836540900768338,1.2078557690167029,1.5209777164743017,1.681493568177406
Sound,0.9492706405363673,0.713581350465659,1.023340742972694,0.8163658109845616,0.7985470355174549,0.7032592583188549,0.8946115923831601,1.0009184811919545
Networking and Internet Architecture,1.243668138809615,0.9064026371394691,1.0990137572740695,1.0553345992501875,1.3853760945160096,0.955691685759557,1.0162081449302018,1.2259557086784987
"Distributed, Parallel, and Cluster Computing",1.3424893575985128,0.9779502073068289,1.1839513039428682,1.0686046487417835,1.1510032756591004,1.0077887033756214,1.0832739755156133,1.29958080934723
Computer Science and Game Theory,1.396337344412558,0.9553020862829504,1.2037663246926353,1.2183128473518683,1.4413606009023903,0.9988709651264169,1.0776466770546849,1.3813989360145977
Performance,1.2852308350571091,0.949821356136048,1.1274321572994384,1.0916784399207835,1.3106715443674115,0.9761222658813877,1.086857768057488,1.226584172474082
Programming Languages,1.386105513908419,1.057940893037841,1.2146953101471225,1.1105752890051872,1.1468834435432176,1.1746457425203312,1.0289359125479172,1.3292094295719195
Cryptography and Security,1.3391455353584836,0.9929135865177374,1.1540803999976152,1.0387931506277255,1.1486585167397045,0.9718288144042646,0.9375281524149955,1.2922894574428823
"Computational Engineering, Finance, and Science",1.3191991199784325,0.9073463606217371,1.3791753136347118,1.2503033056822188,1.0542759605421597,0.9077600819836799,0.9104677117156527,1.1885331186997188
Neural and Evolutionary Computation,1.2540565474590075,0.9440206109461727,1.1383470028596985,0.8757304326197783,1.011416347903443,0.921565804558598,0.9489736994190509,1.1606053892735586
Mathematical Software,1.4750199855401334,1.121987739523422,1.3736050411602458,1.0061856927399615,1.2214001432599257,1.1342231587452931,1.167389861771104,1.3585108138538262
Discrete Mathematics,1.5541613572383868,1.000283096393342,1.1675259319375266,1.5075293936374194,1.1805356218889638,1.0130501251491992,1.487143865739579,1.6084259209212257
Software Engineering,1.3598615481099832,1.0093262118984232,1.09055956187587,0.9783580817423455,0.9073567636641601,0.8605111077600328,0.837040265234818,1.2115575509810004
Information Theory,1.3493964347819956,0.9451057294575329,1.2948896250186082,1.3037487098827198,1.7972382990532991,1.0801015951511903,1.1591771075937005,1.2679138481046914
Numerical Analysis,1.319791876461775,0.8608038284201828,1.314365205665183,1.029705917755673,1.4103218920503893,1.1099282487426403,1.0790813259315986,1.2272893052680165
Graphics,1.3591780928211503,1.005258061773405,1.5014794405513083,0.8469985269164456,1.1046411985988989,1.058349321573032,1.0903829256186857,1.3546002133227475
Databases,1.5450140307430706,1.0613604734012216,1.2936176166727347,1.255341589654585,1.2686993950954601,1.0830703008754328,1.207201505052305,1.5049465450986856
Digital Libraries,1.2739617773857401,0.8996527087954437,1.103689930333075,0.9916328504637061,1.2119040448957341,0.7399964440723712,0.7766781376294859,1.1370919920321896
Computer Vision and Pattern Recognition,0.8604961070759889,0.6793922922528272,1.3469258369644843,0.6683485061438305,0.7986256567694617,0.6879303589800164,0.8619606686754627,0.9272821695630682
Multiagent Systems,1.5019265842984466,1.1070645736953515,1.4381562365679337,1.2476440823668478,1.3848041125345618,1.1233167628656753,1.1057049922396542,1.4396705144878468
Operating Systems,1.1717295642690104,0.8040116461062145,0.7219647502895689,0.825553694474883,0.8923179632250849,0.7224670902738115,0.7955295632061773,1.1563324307090128
Symbolic Computation,1.4582912599203215,0.9915686853474133,0.9963137075031209,1.1719270994211486,0.9884931345508862,1.2347788375737927,1.4019108171364456,1.3897639428382382
Information Retrieval,1.2872916406189494,0.8763259381370071,1.242922833759684,0.9214559025243508,0.9736678297803256,0.8558907752825252,0.9526008796189266,1.1477971583525128
Hardware Architecture,1.0717950314173834,0.8696637195554286,1.018458480800167,0.855070110483109,0.9555459092581431,0.8932506073682172,0.7974007954187933,1.1679591067187207
Machine Learning,1.243738201100523,0.9130055189899622,1.3456209023060983,0.9530778311634994,1.3677147143287145,0.9907064461325273,1.0547045022259431,1.2405343290473965
Robotics,1.2578310150448364,0.958419726676853,1.4083049313351752,0.9170673940915309,1.015385265032869,0.9663139543903829,1.0203608575548284,1.243068436436961
Computers and Society,1.173588356054605,0.8510024395581688,0.8937065978960018,0.9037576536021084,1.0339763970641471,0.7862936894603937,0.7494274324274618,1.0611365672075546
Social and Information Networks,1.2034471158282984,0.8767055261854828,1.3947192557052703,1.0067845479778894,1.2209606775400836,0.7868835993933172,0.8252428613143036,1.1260008919524804
Systems and Control,1.498792794649685,1.028981940149759,1.4546192165042886,1.1257051868970807,1.6916921035953398,1.1974406590085942,1.197074481933714,1.442904557514121
Human-Computer Interaction,1.3005743120895683,0.9586104606968981,1.004050610817018,0.9638058954153009,0.9849662120372153,0.9875255824046506,0.8726520980745195,1.2268148459317316
Emerging Technologies,1.3361591172697458,1.0314211816893002,1.2042514915528808,1.0138579223223159,1.106347412774821,0.9225819422205582,0.9514235771829191,1.3994218076790306
Multimedia,1.1272358701166592,0.8794046371164833,1.200926446189427,0.8809398029217913,0.9841673551174461,0.9468206377932659,1.1104459248701537,1.1535607364258773
Formal Languages and Automata Theory,1.4549193458251097,1.045823635801809,1.1735808462841024,1.3600281409177013,1.3442620626219672,1.0721531217157254,1.200725008121985,1.4944803395515869
