name,Abstract,Introduction,Background,Related_Work,Methods,Results,Discussion,Conclusion
Computational Complexity,1.1866124411016399,0.6809969430389311,0.9591238864358276,0.8925494319873747,1.123986909819498,0.7469480044970086,1.0547715679513636,1.1833695227784728
Logic in Computer Science,1.0388325338164195,0.6978184209702415,0.8928555565065924,0.7882901510492284,1.1288279774507053,0.934944931977191,0.8502220577629253,0.9999091338632876
Information Theory,1.0123662277286347,0.6572086011812291,0.9627058814595604,0.9861776451598905,1.5304596734791722,0.817011542261231,0.83927351776879,0.9525950728150561
Artificial Intelligence,1.0373395766136184,0.7579709354653127,1.1140880730170717,0.7476551425675456,0.9527221127977441,0.7182773336758332,0.7940848846556162,1.0078686077198846
Computation and Language,0.7756687972251117,0.5917104061232156,0.8558697840452106,0.5751062288918152,0.6799161097188674,0.5248673999460287,0.6262610397368057,0.7506050702103948
Computational Geometry,1.1260943112525776,0.6646777305676901,0.866662088508809,0.7832541229549015,0.9150733009095644,0.945668943982653,1.030535148563389,1.1699291278007051
Machine Learning,0.9893464451018525,0.6854100108272971,1.1052106490232165,0.7313541927118039,1.156885018392132,0.7881762521914029,0.7999246286241651,0.9942117226046244
Data Structures and Algorithms,1.1977961602274843,0.6990097618026072,1.0492502037063858,0.9457166737088875,1.116140628824461,0.9795171979978357,1.0837106336547397,1.2487188349238212
Sound,0.861966861234,0.6109080292209059,1.0206590075097013,0.6576655856090843,0.7106375354883869,0.5740319730093825,0.7162437831074266,0.9087287891082498
Networking and Internet Architecture,1.0080336016987574,0.7305701230197572,0.9158220958700928,0.8489716697396255,1.2630410472147577,0.7526145379250322,0.7596676716622917,0.9766457856679298
"Distributed, Parallel, and Cluster Computing",1.0923854183723458,0.741522279571006,1.0123542719680605,0.8191925869888079,1.0723510051054927,0.8166556950987977,0.840350029947954,1.0687743045921887
Computer Science and Game Theory,1.0934257560335927,0.7304122435433436,1.0105988075258203,0.9743582639974154,1.3029838298112282,0.8234548182071305,0.8668443828745054,1.0524093597571635
Performance,1.05270977542938,0.7400388981188465,0.8754368288551564,0.8160165028817291,1.1448206259031894,0.7207417519306284,0.8325796268169229,0.9792721908842645
Programming Languages,1.1008231282622134,0.7681847268749584,0.9474314960743702,0.8062230800865116,0.9160456337390197,0.8813292851696273,0.8049675800562995,1.050501050936973
Cryptography and Security,1.0955219812818384,0.7934986937168812,1.0036948845962668,0.8421388403769969,1.0726027428353262,0.8124950953970473,0.8069657382607538,1.0769963758841998
"Computational Engineering, Finance, and Science",1.0897735620262765,0.7269843300810857,1.0920481957315409,0.979225896537632,0.9033412862350558,0.7041344178317782,0.7324215074278633,0.9780375009651588
Neural and Evolutionary Computation,0.9976082033144065,0.737563629240242,0.986542718614605,0.6909828185573044,0.8483455388253521,0.6865131084172038,0.7725958773568309,0.9784038955942146
Mathematical Software,1.2416288300639202,0.8556574967639183,1.2491484205913799,0.868520831779768,0.9527335012475632,0.8120584991448369,0.8839593641607236,1.1402759907452162
Discrete Mathematics,1.1166835672526154,0.6626594069483414,0.8896384586694145,0.9959519234575794,0.9451052922993187,0.75902274970156,1.0289414307819436,1.1411259188154932
Computer Vision and Pattern Recognition,0.7296501215021167,0.5348883094006398,1.0346629592377994,0.5287350699601278,0.6871327173953538,0.5433193319688941,0.6658263301488878,0.7907736151983463
Software Engineering,1.1418278700985678,0.784753784196777,0.8970490705499888,0.7970194474716717,0.7291540193978612,0.6703993481137622,0.6669207754577968,1.040167593133403
Numerical Analysis,1.1286841800198737,0.6887927273849161,1.0796995471593853,0.8914885801921206,1.335259020410142,0.8900957915851275,0.8190565304848384,1.0201805830442905
Digital Libraries,0.8331309643959346,0.6754074084323234,0.7052227412019204,0.699475106717861,0.6724987486830866,0.46018983053875945,0.5139222986959548,0.7771128670683987
Symbolic Computation,1.043370353919129,0.6404569828694698,0.8717504707825992,0.8561238258724698,0.8095399073369427,0.8989846250152088,0.9714436085837705,1.0738163701340682
Graphics,1.0267656721540728,0.7485516026373812,1.1213679559987728,0.6154586389190465,0.8342899701070242,0.7188800514911432,0.761644311079636,1.0592066773682896
Databases,1.2347085503404787,0.8015822341155648,1.0818473238440398,0.9234130763891627,1.0985148891433518,0.801641768598098,0.8054320455912489,1.1860205539151574
Multiagent Systems,1.2079570848495471,0.9117583411804502,1.2455386996288287,0.9386709610109162,1.2309015817854898,0.9302942993129089,0.8153325000662753,1.1714264416047888
Operating Systems,0.9933578950444952,0.6577453278968274,0.6205573756224806,0.6576890544434565,0.6639251236421015,0.5162856786934913,0.6322821710350546,0.9168261917410875
Information Retrieval,0.9979411529223394,0.7098217881741952,1.1369206116908326,0.6830110373204183,0.798221315762084,0.634233366395787,0.7065686289153272,0.9028755742786363
Hardware Architecture,0.9338168432590893,0.7231812302398847,0.9274141693597175,0.6959232792497374,0.809643668892109,0.6939477274157834,0.7054003515609655,0.9844826172592721
Robotics,0.9515564021211143,0.7081880886691453,1.22373276123431,0.6553277622778365,0.8096227571366259,0.6985023732977365,0.7185999048138776,0.9402664512871499
Computers and Society,0.7851572802914238,0.6256136679048668,0.7033236512824692,0.6277135072007571,0.7325012166497853,0.5455556180855263,0.5328944324147328,0.7402214974986459
Human-Computer Interaction,0.8645118942800386,0.6803253254160083,0.8108431102325583,0.6756670900081071,0.729236536350087,0.6635582837009344,0.5751741262307365,0.8254036498129396
Multimedia,0.9067853529618627,0.668327046788226,0.9654451213441357,0.6097128767596814,0.8404470059342526,0.6706883191555537,0.7748097428059267,0.9150720888517775
Social and Information Networks,0.8910117719353473,0.6739179516794247,1.0442123008352635,0.7295202354975483,0.9725714284164017,0.5960204893187554,0.599012618781566,0.8237398224758712
Systems and Control,1.1944652023049402,0.8045954036398074,1.2200150568195969,0.9096935746509788,1.5645785789106295,0.9358085075184122,0.8408896566555307,1.1224983035258185
Emerging Technologies,1.046332356664455,0.7634707657966231,1.0485418754609372,0.6976771616934117,0.8889798382827516,0.7018887703292728,0.6594411060561408,1.0695876891693017
Formal Languages and Automata Theory,1.105601650694198,0.6727214151465218,0.8459278531073705,0.8137453026750318,1.1550367694107715,0.8263704969346969,1.0324358519710533,1.1962576585004387
