name,Abstract,Introduction,Background,Related_Work,Methods,Results,Discussion,Conclusion
Computational Complexity,1.2116089708528097,0.6937576178195156,0.9781737633854201,0.9661631118358516,1.0710948334423767,0.7518859112780475,1.0359326149482269,1.194815336584008
Logic in Computer Science,1.0925778443913963,0.7453762476683475,0.9170937745638856,0.8654729017128663,1.1453297827206377,0.961227700164056,0.8927042568737796,1.0363407671452054
Information Theory,0.9968396269461177,0.6604655631782141,0.9654366063687023,0.9643642891376589,1.5061481189140264,0.7932590260721217,0.8237407111849858,0.9235291746563926
Artificial Intelligence,1.035594467754956,0.7581713208300714,1.112457544042439,0.7573004023133734,0.9527894129001138,0.7152943866784155,0.8200314005670135,1.0064868493640855
Computation and Language,0.7888383414821808,0.5960651916083736,0.8711915303912794,0.6105847478594288,0.7042420594167647,0.5607104881603018,0.671079949251938,0.7716321902370631
Computational Geometry,1.0614300948637745,0.6514407624755117,0.8745307793641681,0.7905217018853391,0.8777738893838082,0.8952689485275951,1.0184333931882692,1.0865129985922248
Machine Learning,0.9922277732707802,0.6846620699708443,1.136044598188725,0.752167136166151,1.176198794920979,0.7931648957876583,0.822569204811584,1.0076457002895203
Data Structures and Algorithms,1.1950095830790428,0.7032733549041608,1.0534769037976341,0.9383755087037141,1.1094423717155697,0.9621844517919631,1.1057100658419885,1.2353689453877894
Sound,0.7678702023979913,0.5644844114661939,0.9384006046287291,0.7224075600946205,0.7460731720920657,0.5699879931788446,0.7839834343164418,0.8351235118178995
Networking and Internet Architecture,0.9792365479823952,0.7109375522014186,0.9259488726701639,0.8231103404043503,1.248603353894068,0.7192675333372729,0.7343420519460222,0.9457982871643966
"Distributed, Parallel, and Cluster Computing",1.1045301215939296,0.7423089248692132,1.0107974030421003,0.8187679000623792,1.0981198594082187,0.8337973949534551,0.8759706326257276,1.074573872464703
Computer Science and Game Theory,1.075781136731091,0.7372868164850176,1.032751828114764,0.9385177423771943,1.2664733415775944,0.7770318665494838,0.8443384394023805,1.0168665271319406
Performance,1.0275908345182108,0.730922181673985,0.8952921065923413,0.8423820345984873,1.1589114427538851,0.750706760118545,0.871575425560359,0.9660813953069834
Programming Languages,1.069762008716188,0.8154938243187252,0.9116957503748488,0.7973296224662061,0.9619141813142905,0.905426385879868,0.8300430220906565,1.0686960137528663
Cryptography and Security,1.0401323899047015,0.7374862951264844,0.979485785262625,0.8024533896282245,1.055825692565587,0.8022871410234858,0.7819254595947313,1.02219186184803
"Computational Engineering, Finance, and Science",1.0041788266464158,0.6916736834056203,1.0177489407179574,0.9547912416913805,0.8791902198415922,0.6833046024899334,0.7309046549477828,0.9345566887633775
Neural and Evolutionary Computation,0.9924803650358287,0.7401523287657812,0.9957268618486946,0.7066147456999554,0.8727243409964713,0.7015678267461471,0.7962042716132373,0.9612035417629451
Mathematical Software,1.1300885182670153,0.8501334655123035,1.1191889230704415,0.805167712574433,1.0133714548738892,0.8600003402522663,0.870656282232551,1.0900698392018324
Discrete Mathematics,1.1084194120276096,0.6896201527985818,0.9158775325507398,1.0383644200535465,0.9408030368821644,0.7542400378445359,1.0064252371236861,1.1125868901733744
Computer Vision and Pattern Recognition,0.7420658387197782,0.5393710305045331,1.0739273775112077,0.5466039519878618,0.7151645596797208,0.5723905662168967,0.7022484506012294,0.8034414678353201
Software Engineering,1.0276870693124667,0.7554356127160483,0.8860798304659693,0.7471407855827931,0.7153633345879257,0.6454725988229404,0.6252903942930769,0.9166965071780016
Numerical Analysis,1.045798460788912,0.6538577290810098,1.045726626387614,0.8471865346794132,1.2483240884449867,0.8150934240076684,0.8379565400594468,0.945841076696059
Digital Libraries,0.807656781802516,0.6035410925484798,0.7660063326201382,0.6557746631850692,0.8064887257093161,0.5315258415458851,0.5402689024733258,0.7279087389030016
Symbolic Computation,1.23907852485345,0.7435151563915118,0.9046848066138482,0.8653558411264974,0.8794757846718865,1.0091965985517914,1.111994872656525,1.2228130083481292
Graphics,1.0246857869499881,0.7182166591358308,1.1371229715176345,0.5976511623406822,0.7981279058866181,0.7257603258271091,0.7202818317598514,1.0001889780576585
Databases,1.2403326117246203,0.7938261639262549,1.0866125469526486,0.9653345312728616,1.1411175553011608,0.8295418796429865,0.856395954064904,1.2020097996085068
Multiagent Systems,1.2057968637553838,0.8652978928688442,1.218680839794398,0.9189723032788242,1.1977555944175962,0.8872353340207554,0.8137495776029887,1.1389071288896797
Operating Systems,0.8759429437910065,0.5822743515244931,0.5858676481827643,0.5820153227703447,0.6457272197156648,0.46830079273586944,0.5119857131221075,0.8547367678247343
Information Retrieval,0.9812027028975453,0.7088367432656962,1.1050812395422616,0.6981653898342643,0.775300356559686,0.6635563241418376,0.7222508655454758,0.9063288983008208
Hardware Architecture,0.9235031987634607,0.7019703039262426,0.9353077113576673,0.6581762532020725,0.8367612412620934,0.7084494960971538,0.695156536427791,0.9729288480405933
Robotics,0.9766459671041621,0.71960252359647,1.1441856455431458,0.663417752124921,0.7638923780127729,0.6934301818152793,0.763572849626813,0.9698170007424661
Computers and Society,0.8042675276490547,0.6004143488921226,0.6909708065548793,0.6086636336292626,0.7495643993635116,0.571378704229297,0.5256772228641167,0.7479797090926538
Human-Computer Interaction,0.881822576509952,0.662196567348736,0.7755129225895827,0.6510533845973551,0.7350242335016497,0.7066989864930737,0.619335572826597,0.8480774435411096
Multimedia,0.8933490253934825,0.6679368900680075,1.015075788284115,0.6475653846727208,0.8641283148436898,0.6600141359308972,0.7843632062463746,0.9225985232279145
Social and Information Networks,0.8733282146470069,0.6621819052988506,1.0452822009778078,0.7334873388182148,0.9665825432472062,0.5942190224657028,0.5945500471131019,0.8270315691260345
Systems and Control,1.1992169422998942,0.7883015157826216,1.1965174540335235,0.8501177275442368,1.5305515826149225,0.9111074557481548,0.8147855613579285,1.155535594050526
Emerging Technologies,1.0863555955623225,0.7687017824634619,1.0440729094295471,0.7912591743668066,0.8535969904017444,0.7590467642285715,0.711467773689604,1.0969153641129834
Formal Languages and Automata Theory,1.1348336242291894,0.7540574588360179,0.8471833794653725,0.9097070610760837,1.1104020357874944,0.810709271786827,1.0022690954595985,1.163580361574975
