name,Abstract,Introduction,Background,Related_Work,Methods,Results,Discussion,Conclusion
Computational Complexity,1.2771931383227062,0.7557654613148901,1.0103091385875376,1.101714840716337,1.194174185663466,0.825090648035226,1.1427282832310024,1.2710160094381473
Logic in Computer Science,1.1465587039595124,0.7556428481045466,0.955589509350486,0.889988022863018,1.2515670140358464,1.0545810751540505,0.9768415074920714,1.0831864210345348
Information Theory,1.0046505325351454,0.673495899797729,0.971032102583379,0.9380943063419234,1.5323370567122063,0.8216335445941013,0.8243616077430925,0.9344113155933089
Artificial Intelligence,1.0472139913193343,0.7573875698353609,1.1268893145076269,0.757492147965174,0.9433967871092317,0.7395404185801416,0.8005668139602786,1.012282276136049
Computation and Language,0.7510213887073901,0.5734916117798314,0.8684601142718402,0.5754389684775145,0.666781566603073,0.5331755389328987,0.6271482194127619,0.7359596237170051
Computational Geometry,1.1561212685883353,0.6998970732584113,0.9201371043026423,0.8275877734448953,0.9114264607903245,0.9891183083448346,1.0722279785392388,1.224222048718234
Machine Learning,0.9311250971625624,0.6479565070743618,1.0677743312445038,0.7110735617484704,1.1174687966200696,0.765730099675251,0.7876901142367594,0.9398305545396788
Data Structures and Algorithms,1.2757239197010364,0.7479505400790468,1.0671293848716266,0.9760100447059398,1.1506865881632702,1.0320252660483555,1.1752474380487332,1.3223815636523821
Sound,0.7116828812542412,0.5200021066131891,0.8923324788287968,0.634518707774255,0.675737336668204,0.5453043226471208,0.6795712410716704,0.7717169301655882
Networking and Internet Architecture,0.9749864882924395,0.7081753083248038,0.9277604541758437,0.8203780958950172,1.2465706478559038,0.7339279250477575,0.7491574416419121,0.9506316583766627
"Distributed, Parallel, and Cluster Computing",1.1027440491765974,0.7424340412471399,1.0407505178723035,0.7977645036360208,1.0989207788729922,0.8457634443413545,0.8751651806828987,1.0699603787971916
Computer Science and Game Theory,1.0773102014440326,0.7286854537680997,0.9690163614386479,0.9339532214468559,1.2631369408545767,0.7849727546264398,0.8403454390634408,1.0293954600430377
Performance,0.9919442648270214,0.6876686982016254,0.884269577871695,0.7666432049559522,1.1133310572410482,0.7295617915032864,0.7802175210875991,0.9304930748251251
Programming Languages,1.0885007781854736,0.7978341023857927,0.9274088111710732,0.7957149497966376,0.9603379870857099,0.9444646033665475,0.7950751498111862,1.0486322030747381
Cryptography and Security,1.0526197703391698,0.77060957231645,0.9412634364916307,0.806414545019381,1.0380554211108635,0.7934831149931358,0.7518963178959102,1.0131716828877328
"Computational Engineering, Finance, and Science",1.0694157253164984,0.733258263967219,1.1014720016307846,0.9508430473989928,0.894842521374818,0.7161436071878099,0.7432400758647452,0.9928883648239197
Neural and Evolutionary Computation,0.9771996754774314,0.7363348278074696,1.0285071195306825,0.7112336678720661,0.8370491235052039,0.715425686254071,0.764335273983445,0.9658592287393758
Mathematical Software,1.1043749301006582,0.8262624058573786,1.0993459433254016,0.7002452784312975,0.9201845027855462,0.9227922429034436,0.9397614718276357,1.0543438706707196
Discrete Mathematics,1.2120513985780792,0.7629758753796566,0.923056237447498,1.1128093283990053,1.0280351230874885,0.8240707191691042,1.2200548266733349,1.2329602576720717
Computer Vision and Pattern Recognition,0.6924799087675857,0.5181502642992991,0.9989319135893484,0.5182738412582064,0.663524077459793,0.5508596218008095,0.6583871994449276,0.7477215339242836
Software Engineering,0.9865347204486993,0.723994627588297,0.8572763900228884,0.7304384502600638,0.675063851120161,0.6628627158257918,0.6201066952105967,0.8950436679487991
Numerical Analysis,1.0373109502588507,0.641776548397547,0.9564544011599673,0.8152744767568344,1.3112833668880497,0.8306308912805489,0.8225133714426657,0.9712481688726154
Digital Libraries,0.7903282056126427,0.5996224606504609,0.768690704127804,0.6630140980941064,0.6949817871295364,0.5186455139057639,0.5096563257304494,0.7478370457285338
Symbolic Computation,1.0594795566031476,0.6585404196418063,0.8073863726263505,0.9232040963471089,0.8038103398043479,0.9967453418974948,0.9029214350748115,1.1300984333582236
Graphics,1.0205172692259912,0.7132660230561004,1.0403638091701706,0.609225091416324,0.796622403177078,0.7258235875980926,0.7691427731385498,0.9796416572355755
Databases,1.2585569161505765,0.8039864814395385,1.0898372952691977,0.9463659226911454,1.1373157324518208,0.8663876542832463,0.861353743804807,1.21304458532191
Multiagent Systems,1.1288785141191653,0.8302224024325661,1.1492736803635342,0.9177783936249737,1.1591902457830074,0.8698431081523641,0.7981022346563785,1.0727534474169136
Operating Systems,0.8900923271290779,0.6112073631616527,0.5742644965408985,0.6037813928659578,0.7031511810089257,0.4772364136905633,0.6645920153131571,0.893192305608215
Information Retrieval,1.0195157982214273,0.6910050686079909,1.1253783259498369,0.7227869479382799,0.7921873371989008,0.6807195994225195,0.7530597237470519,0.9545117450411913
Hardware Architecture,0.8456013943173228,0.654426695539881,0.838046732051991,0.608412807712288,0.7884364104261932,0.6606459185993151,0.679666374247822,0.8659929185804702
Robotics,0.889036562784979,0.6703475660234948,1.119693047786121,0.6182043965173697,0.7393534004053243,0.6498571192602052,0.695155045875614,0.8836230937557065
Computers and Society,0.7781359592750745,0.5788900140112039,0.7107771500111776,0.6064102669838443,0.7190003180107173,0.561995435466224,0.5314571145986775,0.7380609781128621
Human-Computer Interaction,0.8761888056352773,0.6570554626939462,0.8156813933405743,0.6807894514233234,0.741461082081464,0.7000798232730476,0.5997061866862483,0.8472806727437057
Multimedia,0.8918064097352678,0.6636347584407644,1.0447039183760893,0.6250647927971347,0.8905383725412107,0.6862706594155561,0.7859173883502303,0.901909104760475
Social and Information Networks,0.8805118483715477,0.6580278595370396,1.0601432637838275,0.7432744865530124,0.9376469798758095,0.6129441396646752,0.5883300773135501,0.8336308861662898
Systems and Control,1.1414434857630018,0.7442382285910412,1.1305392767507654,0.842794230230041,1.4821855707131302,0.8724653859340897,0.7956670957844177,1.0751043743758324
Emerging Technologies,0.9707638343296848,0.7570651478553393,1.0658563193478414,0.751193571893582,0.9092742721341314,0.7122439893232477,0.6885637448651761,1.0319497877684594
Formal Languages and Automata Theory,1.1840531189756889,0.8180843742529589,0.9100140901485492,0.8912828309795559,1.2629930162423195,0.8905471032318288,1.1129716671657888,1.2426153916536569
