name,Abstract,Introduction,Background,Related_Work,Methods,Results,Discussion,Conclusion
Computational Complexity,1.209159446213711,0.696931432901719,0.9806480440977614,0.905855411822608,1.113278812317069,0.7755535650733272,1.049635940040182,1.1742284099733542
Logic in Computer Science,1.061063360815631,0.7310155801587829,0.9178164775834142,0.8833294052230871,1.1189599352118438,0.95076976993392,0.8731188605785729,1.0091384622985509
Information Theory,1.0384668222817761,0.6832450803357389,1.006100418853981,0.9327535621800859,1.5314665252125241,0.8225965536732729,0.8320040371594734,0.9665072646437265
Artificial Intelligence,1.0476922257224492,0.7705664955624537,1.1057625593583529,0.7651987540302603,0.9803657894469079,0.7351812432212804,0.8207383906551837,1.0255986210462353
Computation and Language,0.78552237117515,0.5859841723305947,0.8932754039566294,0.5898947847069211,0.7086047496135787,0.5480689254682198,0.6465051398605245,0.7688298813531017
Computational Geometry,1.0727345590725978,0.6530286317143886,0.8801832635803928,0.8115478636071686,0.8700301616784347,0.937253416226,1.044131581301149,1.1067469048671454
Machine Learning,0.9938602287819702,0.6866565372747,1.1209729742310683,0.7436460538250933,1.1782002796861495,0.799082938564899,0.8140955358302785,1.0002105215983617
Data Structures and Algorithms,1.2099528600312828,0.6845972402043337,1.04058840537997,0.9300480696257732,1.08752232829652,0.9855832188647929,1.071474614860148,1.2916008006153352
Sound,0.7714629562888904,0.5576807425023943,0.9420521857025149,0.7000407779897722,0.7467959557688306,0.5672664885855322,0.7155163588862977,0.841758872132714
Networking and Internet Architecture,0.9773761131810328,0.7015551050527394,0.9166218049910779,0.7915466938237345,1.247811639833221,0.7470754222888202,0.7387526669530937,0.9658145483708309
"Distributed, Parallel, and Cluster Computing",1.1009698908000756,0.7465634921898957,0.99670168102944,0.7995816035554025,1.0795575920295994,0.8106237346928066,0.8931969562732277,1.0925318489510891
Computer Science and Game Theory,1.0845111482385121,0.7194222672199242,1.0020353478045092,0.9641993863219877,1.27544002283444,0.7923162981069877,0.8745591865392282,1.0363372209514934
Performance,1.0092870557151759,0.7090151710964787,0.8701220946731726,0.7803494235266254,1.1801957426821277,0.7135805968214609,0.8308236674148785,0.9648304570956766
Programming Languages,1.114237043031731,0.8354050689067618,0.89127729955838,0.8432195729759263,0.9526275361772467,0.8866039736270045,0.8326366299955975,1.0719020271620596
Cryptography and Security,1.0474108226036254,0.7676571195931949,0.9551279735177978,0.7912381381387328,1.03586848644367,0.7892374158191735,0.7331972589078538,1.0077526741123206
"Computational Engineering, Finance, and Science",1.0528014622338748,0.7454302061921255,1.0844720201613682,0.9132665105399939,0.8966993671584629,0.6874438406901638,0.723537576113349,0.9728898626851519
Neural and Evolutionary Computation,0.9450250113474977,0.72527187553908,0.9776388054876469,0.6945183703768613,0.865291391418545,0.6997458374915819,0.7911873076344937,0.9405973548722126
Mathematical Software,1.2723394339734015,0.896788958548897,1.1738129225825258,0.7807597821317043,0.9185675780409623,0.8371600692070389,0.9318564861742527,1.156902766783589
Discrete Mathematics,1.1064646431104783,0.6795789195983992,0.906141056253486,0.9964969314784765,0.9379154073489939,0.7696058761152946,1.0677439400396918,1.1479672689399885
Computer Vision and Pattern Recognition,0.8235418868521038,0.5784517862688077,1.1016009989887383,0.5737529219310963,0.7557463369675789,0.5958118954079118,0.7412981677774652,0.8973458653472135
Software Engineering,1.1019749549404154,0.8119899525051605,0.9103446823774054,0.8130046316113754,0.7473561414578027,0.7121306892316546,0.6504147420025113,0.9799288994661912
Numerical Analysis,1.1288900108133264,0.683787020961399,1.1775770971103197,0.8484839990905013,1.3579344798053692,0.8874543294423825,0.8179080414181136,1.0610489602121511
Digital Libraries,0.80401394663756,0.6541595466143324,0.7508311307489568,0.6950254365392493,0.6493958006541095,0.5041234507076024,0.5136538247728174,0.7528009816372137
Symbolic Computation,1.235184799949157,0.7871144677504216,0.8740645018403304,0.9573243259109643,0.8677542567678839,1.1023144408654892,1.02034921694147,1.262749463733344
Graphics,1.0802880177408454,0.791962458640137,1.241904579100172,0.6184166332692513,0.8709608065794645,0.739390702084905,0.758771103124305,1.0681684619290683
Databases,1.2726747502603724,0.815509198409436,1.0225800418204465,0.9493683929476573,1.1099035121774457,0.8284294785570021,0.8794470806069439,1.238927418670142
Multiagent Systems,1.1902597527381618,0.85434634628471,1.190610575499835,0.9237303410606584,1.216309084857257,0.8864650339011404,0.8454763940876739,1.1230923941922921
Operating Systems,0.9251823347776053,0.6328911448667841,0.5196493137180656,0.6482410194946219,0.6802719372477957,0.4616500263941542,0.599690227408042,0.8838754678566283
Information Retrieval,1.0327326172497795,0.7292664727631384,1.1504557361964831,0.702740579383308,0.793472602081136,0.665988100952637,0.7426695280481982,0.9570659807947844
Hardware Architecture,0.8803391536584689,0.6411707991598228,0.8306063961682921,0.6342235678699943,0.7780744770912013,0.6501000245251626,0.6780224943074076,0.9053013414470178
Robotics,0.9793846737800617,0.7298988229414287,1.1567117809915108,0.6607754038774123,0.8188543157524198,0.7171399286473956,0.7688131302945341,0.9865359588345525
Computers and Society,0.7853191654007772,0.6116235736066079,0.6922779307829012,0.606839267261954,0.7432575191990898,0.5720851774191071,0.5223576758195698,0.763381678139852
Human-Computer Interaction,0.9045697077696061,0.6858936295035056,0.8502656488335003,0.6888338359035227,0.7747284800863712,0.718863206455165,0.6387764230438565,0.9014879641103485
Multimedia,0.9089872448504103,0.6908223585788226,1.0544258244691227,0.6597747536236674,0.9154905935064194,0.7063573318549636,0.827175625388232,0.9574355665029189
Social and Information Networks,0.8830006153927614,0.6657984089009156,1.0632627061799333,0.7129521491879255,0.9377091578176234,0.5988566195190749,0.5850584496290283,0.8281224560668479
Systems and Control,1.1591730811550276,0.7544996173638566,1.1704898848444645,0.8784514159574125,1.517366551963181,0.8870266097156737,0.8192649959224451,1.1033836502182945
Emerging Technologies,0.9733852240823541,0.7441111172861717,1.0059201192884049,0.7600017263047385,0.8196974408726763,0.7108586070891573,0.6939339545322727,1.027748903104252
Formal Languages and Automata Theory,0.9929645670715487,0.7194665048381949,0.8343802530372775,0.9020255505556068,1.0723673546294008,0.8553705192890269,0.923070568935739,1.092930941007024
