name,Abstract,Introduction,Background,Related_Work,Methods,Results,Discussion,Conclusion
Computational Complexity,1.217930596888966,0.7086216820543659,0.99829978083893,0.9812455836946611,1.1289107565272603,0.7636265975104037,1.0849707773682198,1.2105398386149337
Logic in Computer Science,1.078322096834491,0.7433789945935475,0.9432177975729585,0.8946474168864976,1.1614030528726316,0.9895196002904718,0.9031136056676196,1.0344835088043391
Information Theory,1.0223913147302226,0.67704016312894,0.9559646499704598,0.9725354656289016,1.5503806507740094,0.8125544576213192,0.845860139270133,0.9502658648377681
Artificial Intelligence,1.0694324429856195,0.7877208007445584,1.1566231904349171,0.8092228877424228,0.9988956254312255,0.7734698136485313,0.8577354636035807,1.0469606820000612
Computation and Language,0.8190723031471813,0.6186699758759895,0.9030063422263335,0.6390474929459115,0.7462110366708566,0.5941808091521283,0.697512629553552,0.7943583592761608
Computational Geometry,1.1679043822896824,0.6865560829208783,0.9110836939592448,0.7829180629889709,0.9385969214564212,0.9533004802035681,1.0907640730827965,1.210099545943857
Machine Learning,1.0054009065370768,0.7030366238451913,1.1517462488493686,0.778319379588933,1.2042295663248808,0.8336169678966915,0.8607975564602084,1.020004555643188
Data Structures and Algorithms,1.2326896988768534,0.7145853073819654,1.046731620874629,0.9719358154310415,1.1018167753178736,0.9677477020215803,1.091943132485333,1.2881965052144888
Sound,0.8142207962205132,0.6106475301692341,0.9996353518547431,0.7228495479930983,0.7774163326757579,0.5912552297803665,0.7624970093546509,0.8912991999711615
Networking and Internet Architecture,0.98435168214201,0.6837315454681089,0.9024112007348057,0.8059279579494408,1.24843318779235,0.7145365042670428,0.7485314914305595,0.9680289803182182
"Distributed, Parallel, and Cluster Computing",1.0459600337469535,0.725101730829552,0.9699821657693372,0.8043462393314356,1.079930087869417,0.782382375458911,0.8504424645021263,1.0338649528738473
Computer Science and Game Theory,1.0811096492947876,0.7164722430689062,0.9985357853924928,0.974781879281893,1.2516678732090407,0.7764972488771666,0.8641327374139608,1.053062562412398
Performance,0.9701370148605365,0.692032632111389,0.8465119216982948,0.7633837667681752,1.0934546847981639,0.7036015789954557,0.7762052813416662,0.9438628012173124
Programming Languages,1.0587688210625312,0.7810335654885505,0.9389532538575366,0.8057616490443575,0.927360416545101,0.8869848417266728,0.8073415476579483,1.0299410175517063
Cryptography and Security,1.0716121981515858,0.7679843898965893,0.9838039979816116,0.8259954508523891,1.0397405745562143,0.796735975332865,0.7915855213620213,1.0326378885381977
"Computational Engineering, Finance, and Science",1.0369234227211483,0.70500045206696,1.0242548592714444,1.0116686211599455,0.8864908001152275,0.724897804224417,0.7200003863383905,0.9383966404240824
Neural and Evolutionary Computation,0.9460535976788095,0.732575266047039,1.016145665228701,0.7392933481884582,0.8800576758242733,0.7083786719154291,0.7805874834660504,0.9395750415562395
Mathematical Software,1.1311485543822264,0.8544657705421131,1.0998367333531476,0.797588030751933,0.8918329130404246,0.8228751029598692,0.9278754246086895,1.0784009911632073
Discrete Mathematics,1.1341367912447498,0.7013397166626991,0.9229883296434984,1.0749535750506254,0.9568384624081187,0.7865691653389976,1.0774205102512693,1.1710320464772666
Computer Vision and Pattern Recognition,0.7747893074045495,0.5644888911989816,1.1186542200549017,0.573881609471368,0.7496909770618154,0.6066443635156821,0.7286579246517215,0.8405632849748502
Software Engineering,1.0884372877229205,0.7599853140233395,0.9184414924580258,0.7918398542158716,0.7452519751778882,0.6845518593089098,0.6548232547752761,0.9855294509378146
Numerical Analysis,1.0551754227736194,0.6813404447849084,1.1294956617468,0.8433117210857345,1.3360537622553874,0.8726000048351469,0.9010130726209944,0.9872818622048043
Digital Libraries,0.8223199882299851,0.636965620087252,0.7144627879264215,0.7118118442510777,0.7304467426961032,0.5057352278131806,0.49623596071479903,0.7268755240918805
Symbolic Computation,1.1220225990409638,0.7228814212212646,0.8520834828616376,0.9069183330732451,0.8476972211750744,0.9951637192821082,0.9860616900774255,1.135578755273011
Graphics,1.0373344147804264,0.7518351486946312,1.206777037233949,0.6166629349553608,0.8271694422433273,0.7338416058247884,0.7576542437261472,0.9868134540239797
Databases,1.2135363649910869,0.7801856015454108,1.0407199725215766,0.927731406673327,1.0968510348278986,0.7879116212779136,0.8534485960498436,1.1951823518192786
Multiagent Systems,1.1793559769218898,0.8307635777735264,1.1940564907114433,1.0047255645998825,1.1807802828037102,0.8919998197505616,0.8469059299557541,1.1356413209288712
Operating Systems,0.8195097147033391,0.5574810265585105,0.5368398076163869,0.5760454756697972,0.6064964517619478,0.44168148953248343,0.6266658936297144,0.8563044631826595
Information Retrieval,1.063643865104015,0.7402180238320231,1.107672057763232,0.7666549414231103,0.8377085069944332,0.7054530003956544,0.781554564280104,0.9845648866450104
Hardware Architecture,0.8835558800729498,0.6906035250158531,0.8806418677952796,0.6884189491125586,0.7794439104554378,0.6744512567853731,0.7176939682513895,0.8766273993914164
Robotics,0.9402585552682726,0.6666365428775506,1.1714773548847106,0.6818978397506916,0.8160231621094517,0.7046090094620149,0.799126676113898,0.9556957938626748
Computers and Society,0.8875976948184732,0.6226703621074855,0.7048159904271867,0.6938889521296555,0.7933044981385577,0.6356108740612844,0.5750813892402908,0.8284553375362775
Human-Computer Interaction,0.9860138524545341,0.715043458862085,0.8686696765644529,0.7529112326972437,0.8278388610729513,0.7824394918669654,0.6763247968145435,0.9744065305878149
Multimedia,0.9415698229741807,0.7226087362835543,1.0403050966115754,0.6661199486604678,0.9293774037915306,0.702878058322956,0.7788492380922993,0.9736337415709322
Social and Information Networks,0.9866712482910361,0.6850327964515468,1.1144971088311186,0.7753267773957193,0.973816481346208,0.6310355589388695,0.6511489842623122,0.9110785587251137
Systems and Control,1.1118988248544652,0.7520476791256285,1.1473487346201607,0.8807140665455913,1.460247910118236,0.861694492914935,0.835661228612149,1.0668322453197459
Emerging Technologies,0.9648599256433051,0.7305673966472459,1.0304759281372786,0.7672097060300163,0.8661421262336344,0.7153653797855857,0.698694811510672,1.0020839883786459
Formal Languages and Automata Theory,1.0245915028613968,0.733157734398131,0.8769047468971188,0.9005334189497091,1.1333903882076362,0.8416860018123051,0.9983032155025967,1.1257753403467132
