name,Abstract,Introduction,Background,Related_Work,Methods,Results,Discussion,Conclusion
Computational Complexity,1.1921208378497181,0.696968534804632,0.9415071376342811,0.9745145086142255,1.0629611783918405,0.7682960562454708,1.016099655807987,1.1898429024154096
Logic in Computer Science,1.1149124911605242,0.7361448972456405,0.9155082167635219,0.919593419727621,1.10537665537084,0.9690914791756177,0.9052235953212037,1.039075776917681
Information Theory,1.054487784692024,0.6976778412521022,1.0468893760874736,0.9898965451552197,1.5696112530700506,0.8309395692041401,0.859538968315773,0.9546127447436761
Artificial Intelligence,1.0703790381865255,0.7839720303904225,1.138401338404725,0.7745532056123591,0.946821341652585,0.7466778565436923,0.8466693848476822,1.033241985600431
Computation and Language,0.7955274689834799,0.5935042226193862,0.8339268445918346,0.6016545813812043,0.6839978901460557,0.5629630054489366,0.6595834476781692,0.761929272335593
Computational Geometry,1.2118821344810569,0.7130625189513959,0.9840976016062796,0.8334531693860693,0.968438168648641,0.972656309510673,1.1392200251116322,1.293204326588008
Machine Learning,1.009950989405814,0.7047287997116837,1.161918303041597,0.748119696448079,1.1906278447993361,0.8092286507364307,0.8409788520236396,1.0319251214110703
Data Structures and Algorithms,1.2529789077510556,0.7418203465639319,1.1238920124423784,0.9815581905155236,1.1238103944186428,0.9926675077179274,1.1319847315948066,1.3045008511928107
Sound,0.8247051674578455,0.5938132114264993,0.9750984203244915,0.7005028148423005,0.7490808912103415,0.5972444469363705,0.759334143315641,0.8958821392358007
Networking and Internet Architecture,0.9871301040718873,0.7267185964270768,0.9427518465452916,0.7939715510867058,1.2795049607644824,0.7203746024255757,0.741245552559698,0.9392853284827153
"Distributed, Parallel, and Cluster Computing",1.1561641719633913,0.7797292597899692,1.0496803080690458,0.846178465449786,1.1380050337261467,0.8002235185373797,0.8870082949977711,1.1163902285323763
Computer Science and Game Theory,1.0555428855599875,0.7400367381117892,1.0449352359574586,0.9268516724689185,1.3198783444676228,0.7957875655356962,0.8679764797814625,1.0173626942043879
Performance,1.0693169830035005,0.7671836035950242,0.9692012981499397,0.8729920156483996,1.2149156161313015,0.7109740775545521,0.8304391101520621,1.044118140824479
Programming Languages,1.1487856853093916,0.8443554864763094,0.8829111896143766,0.8395432575536503,0.9587309759635544,0.8913730771439926,0.8536425585842241,1.110859347596709
Cryptography and Security,1.031389533945608,0.7585472628293555,0.9448625540066938,0.7540185588871663,1.0415735285118402,0.7541377409692213,0.7384855725542618,0.9965879871778405
"Computational Engineering, Finance, and Science",1.0180932046292053,0.7015915979997054,1.1100512966908085,0.9580066651559294,0.8750565640374829,0.6643558341327023,0.7335779291670127,0.9276365904200597
Neural and Evolutionary Computation,1.026146058544313,0.7551465426628708,1.039238815036657,0.7272022392468674,0.8809001543382015,0.7197711934140644,0.7957831507849202,1.0144184083253756
Mathematical Software,1.264867882238641,0.9046687032287929,1.220240934963121,0.8948252106314538,0.9944958545544602,0.851476962683667,0.9407050134289973,1.1639408840190781
Discrete Mathematics,1.2134535613537154,0.7318991042967988,0.9631326149669848,1.0826465428625929,0.999423175511953,0.8375972425429461,1.1587260889238713,1.2322144404991162
Computer Vision and Pattern Recognition,0.7501474944150849,0.5571210939328117,1.0535596362620927,0.5456163124034572,0.6882853444173641,0.6137264304629045,0.7110887966372831,0.8097103142354763
Software Engineering,1.1252314682877143,0.7946429067181808,0.9258680178183447,0.7776127787812178,0.7454503850809971,0.6813820901791654,0.6559415260578126,0.9859054816750104
Numerical Analysis,1.0812126726031126,0.6800002779295403,1.1836577418563843,0.8815534522231597,1.358432187428651,0.9023326010768489,0.8766855454570982,0.9891416973625347
Digital Libraries,0.7953153869802715,0.6551096926485585,0.7592383067046795,0.6934980620928488,0.6559448925561677,0.46043756779809875,0.4783105802353987,0.7369463281304941
Symbolic Computation,1.2355763413955174,0.7185021081869088,0.87095528648896,0.9850060025404274,0.8480328624210424,1.0664145666713818,1.169816710349702,1.2412602921509053
Graphics,1.039811259314835,0.7793275693320061,1.106689384154215,0.6186763698360654,0.8217458431734026,0.7581234342876968,0.7184425621964743,1.0358035328208026
Databases,1.238276039480897,0.8148165758031687,1.0476437578959459,0.9382434484822572,1.1610363644729313,0.8027522219840517,0.7554893899622026,1.1686998931625068
Multiagent Systems,1.208562131831759,0.890260355416,1.2641198470156811,0.9361028746074564,1.2719259805582073,0.9261989815350342,0.7956576014196551,1.1398362393625547
Operating Systems,1.0832911219748986,0.695970318810888,0.6355878564444805,0.7221204126916947,0.7284596278215911,0.42555869362333365,0.6317211530234265,1.0661749388816986
Information Retrieval,0.990926298755921,0.7081186660714672,1.0953158312622737,0.6933117785000847,0.7783453906123557,0.645285715602907,0.7265006871272369,0.8919485655723611
Hardware Architecture,0.9624503533087073,0.7209389952824864,0.839007245280261,0.6693365467450182,0.8339096648668883,0.6863242873602675,0.7025600600522408,0.9960055269662449
Robotics,0.9240376010362314,0.7100513080155904,1.1267048305029104,0.655527040115243,0.7883494348436895,0.6990091011646365,0.7357595364692298,0.9276160500105766
Computers and Society,0.7555922993225828,0.6103430556355116,0.6898164953975044,0.5715995487382285,0.7085148069103161,0.530926963755279,0.5067730693886504,0.6969419372811888
Human-Computer Interaction,0.8748003658226732,0.6639604486350137,0.7975080188499225,0.6397906699888346,0.7230901882544186,0.6839241018419143,0.5820649174662048,0.8318961167916388
Multimedia,0.8748909172677619,0.6689208213154467,0.9818026909324301,0.5978914986992493,0.831334046095134,0.6852645724333546,0.7524309983290295,0.8890976178436465
Social and Information Networks,0.8679124226045593,0.6681500225545746,1.077976590561733,0.7155671612367179,0.9539576821861779,0.5952857068519515,0.5799600312271026,0.8150327948409872
Systems and Control,1.2095460254809502,0.8119402061268248,1.2868947502635755,0.8669814486453427,1.6101824944705587,0.9659454942948237,0.900033460088381,1.1570290445298625
Emerging Technologies,1.1290454934092646,0.7689017800441689,1.0820523634062964,0.8028718484773478,0.8704884762038904,0.7530625284287495,0.7446936888908458,1.124684417778408
Formal Languages and Automata Theory,1.0830683785812127,0.7148195416033027,0.8428550723906588,0.9502421895616137,1.1198877962617706,0.8198165830316959,0.9914360045068407,1.1273926453177598
