name,Abstract,Introduction,Background,Related_Work,Methods,Results,Discussion,Conclusion
Computational Complexity,1.2653787144722,0.7197867561018336,0.9660918660340362,1.03967271747692,1.1221329413625787,0.7418030510056899,1.0085151723814196,1.1873106115939835
Logic in Computer Science,1.0995862899170503,0.7352971184310463,0.9029326583141468,0.8770388998694743,1.0794666229994268,0.933831226022729,0.8586881571468782,1.0045112058097354
Information Theory,1.0214292741351396,0.6736348678241667,0.9584208857655585,0.9889452632242729,1.49600520854271,0.8061760423456137,0.8255447571342515,0.9312186313043265
Artificial Intelligence,1.0438343397887129,0.7629388842934183,1.1306578967672813,0.7700843612229105,0.948540111208365,0.7413062925272321,0.8080790525188669,1.0100011212693312
Computation and Language,0.7823411033817815,0.5945478095926117,0.8674590272920064,0.6057977944797696,0.7111766414684757,0.5768479380814117,0.6646943555824071,0.7729742471544773
Computational Geometry,1.1062593417557924,0.6687430911889947,0.8757317757653647,0.8263362145275435,0.8612667464646941,0.8760336122661769,1.004031108496752,1.1121844767093745
Machine Learning,1.0034436326410643,0.6971380183736627,1.1109380178137565,0.7580592274357268,1.1402654547210271,0.7950991003842861,0.8288582984654219,1.0097934804744133
Data Structures and Algorithms,1.3125312263412996,0.7664364103123259,1.0881663901026821,1.0300302616311658,1.119991542115823,0.9688339334138677,1.1230293881282074,1.312428723803486
Sound,0.8663102304853465,0.6210330762008973,0.946523743552096,0.7207017724030741,0.790848747671844,0.6208866917948348,0.7967730683909242,0.9222758694474925
Networking and Internet Architecture,1.0012408313813124,0.7089912423839215,0.9011130730102297,0.8082592325821409,1.2449454874117265,0.7341788624374262,0.7555531195497223,0.9788628453805369
"Distributed, Parallel, and Cluster Computing",1.158557221639277,0.8052365062477729,1.0550665676350615,0.8497358942197942,1.074466164971963,0.8075060464045095,0.8996336162657798,1.1106545704361244
Computer Science and Game Theory,1.069671434081185,0.7150789670139983,0.9331565184772372,0.9668605195784875,1.2236136652286387,0.7735004220145977,0.827932967662162,1.0141794654923941
Performance,1.0368371978989848,0.7348712117971405,0.8486032717018607,0.8236101643134793,1.154228239417892,0.6924196806793254,0.7705284357610807,0.9981800948599059
Programming Languages,1.053046372708332,0.786477402958183,0.8746232075590288,0.8092579464167373,0.8574683963772936,0.8220845845827703,0.7679451011273695,1.0109610989500315
Cryptography and Security,1.0803462551041147,0.779268882287487,0.9914000603746073,0.7930313339308263,1.0542634674063196,0.7954991789994066,0.7832689653249403,1.0413787338513898
"Computational Engineering, Finance, and Science",1.0824447609693053,0.7437491275793231,1.0418174468447672,0.965779236404147,0.9081793809884384,0.713175040338172,0.7250863350516339,1.0065284192524242
Neural and Evolutionary Computation,0.9744507138843599,0.7173170240937732,1.0233641039194923,0.7235037277805465,0.8389412861988493,0.709098988347083,0.7490988839182187,0.9671155983613333
Mathematical Software,1.163747383195252,0.917194956841108,1.1809752298581953,0.8945403670833352,0.9887405006549819,0.8635050866707514,1.056815291254988,1.112470042543649
Discrete Mathematics,1.174637007852,0.7120707758900761,0.9128283454427741,1.1183054116207047,0.947549332494033,0.785923619348174,1.0499702281780077,1.1509554243417728
Computer Vision and Pattern Recognition,0.7590957316806085,0.5538974517337012,1.0479345583218211,0.5679396044199521,0.6953610448618213,0.5841872360479385,0.6862868100685807,0.8203694309712777
Software Engineering,0.99345544568163,0.7368952223590353,0.8564782131103219,0.714822103232348,0.7024378388320425,0.632648234794687,0.6151093903702209,0.9047954103976291
Numerical Analysis,1.1369839621272013,0.711269600506531,1.04070084603649,0.9637730265018181,1.2780886613849787,0.8727337531757949,0.9051683375426194,1.0776143297638443
Digital Libraries,0.8164464035951998,0.6676731391982271,0.7617033334667462,0.6746711382326458,0.7141083560593681,0.5108370364446134,0.5412356900971785,0.7422409003598213
Symbolic Computation,1.2179690859604768,0.7443788358567173,0.7948443354761207,0.9570233498169138,0.8031378431316761,0.9555423530250692,0.8483640194919263,1.1917135912213808
Graphics,1.0418212340919997,0.7637593372814516,1.0432053117103681,0.6356134087954625,0.8330955567695351,0.7577469632295164,0.8011174428933613,1.0465650025662472
Databases,1.2133123372179375,0.7759912084934905,1.045156287769548,0.8992557579265169,1.0612413350821697,0.7586418656905249,0.8124697233107222,1.1625947292709384
Multiagent Systems,1.1232493475311371,0.847070090247775,1.1810564054314572,0.9497156976211735,1.1196277338908538,0.861912348052275,0.7993559513862172,1.0970592100408434
Operating Systems,0.8501571380124047,0.5992509152534068,0.5955512501976243,0.6125165807696326,0.6750838421845096,0.4637117010337614,0.5937757432301852,0.887088430379183
Information Retrieval,1.0015284693613216,0.7161777128163836,1.0682272764063923,0.6995740428748075,0.8032311366566315,0.6658567379908841,0.7733997318805166,0.9102788891365503
Hardware Architecture,0.9249677990933922,0.7232731212264113,0.9161290724456432,0.727180083731659,0.8322125393657658,0.6793700232383936,0.6890071509691921,1.0294038630336404
Robotics,0.902754035652907,0.6946156451135799,1.1275426687532804,0.650958245903616,0.7612499630904838,0.6723376987391796,0.717368739199865,0.9058064991849557
Computers and Society,0.7843091731773089,0.6147023752498255,0.7224315492521407,0.6421161804177674,0.7294368463622088,0.5634266152148595,0.5424083833737048,0.7438317689165331
Human-Computer Interaction,0.8796602382589083,0.6683998833909679,0.8398436025765503,0.6720934518343097,0.7318038889943852,0.7082518466896366,0.6013835080764528,0.8543290197641915
Multimedia,0.9058678557778477,0.6856412518844366,0.9446003951807259,0.637616363969834,0.8450970065801977,0.6872595619344708,0.8320016533264569,0.9251846747152708
Social and Information Networks,0.9247617254543963,0.7025554575954623,1.075951152759836,0.7698411170921771,0.9698196418405655,0.623129494875519,0.6167968864376737,0.8543609511138838
Systems and Control,1.1864603323744185,0.7822115332565116,1.156006476420245,0.8244783258615404,1.5040959612344578,0.8896011967033811,0.8520980145291808,1.124050380685504
Emerging Technologies,0.9635500310263322,0.7669686767112752,1.0937780737978409,0.7973354526380287,0.8931708407751602,0.7134983657316416,0.6570448491537284,0.9880120184977039
Formal Languages and Automata Theory,1.099107246447609,0.7538250560082712,0.8861154898585865,0.9039997314670078,1.0523828173867007,0.8279297943193703,0.943981859814505,1.104319083545718
