name,Abstract,Introduction,Background,Related_Work,Methods,Results,Discussion,Conclusion
Computational Complexity,1.2276516059226539,0.7022287790377437,0.9421509298649999,0.9352780066103268,1.1186094425392386,0.7841361356750294,1.0669651272467036,1.209438871408645
Logic in Computer Science,1.0290631582515344,0.7172145021791606,0.8812140183315931,0.8371443092980925,1.1157984648600723,0.9625376602246436,0.8476437465136921,0.9760905899756898
Information Theory,1.0197970022406682,0.6759189921646381,0.9778728611182685,0.9740420251661405,1.5584629878008762,0.8440773953398661,0.8440035780589166,0.9604422891966881
Artificial Intelligence,1.0366530766676691,0.7571318008902612,1.1331199245158512,0.7576337719069289,0.9636428705392773,0.7438928462957937,0.7906713115614372,0.9973305007552752
Computation and Language,0.7573343587132763,0.5890652144554052,0.8810471136597003,0.5841979544252436,0.6787195307502693,0.5446613188808506,0.6379214190166854,0.748395911343557
Computational Geometry,1.1048634489346219,0.6713893074309246,0.8649422663715438,0.8120649296392998,0.8850278323917872,0.9445126808728401,1.1275601466075873,1.1303286060693576
Machine Learning,0.9739038958349016,0.6786496792440454,1.1072437370529087,0.7459986199055971,1.1624304127819056,0.7983291423133304,0.804047133003454,0.9786373499996561
Data Structures and Algorithms,1.23729138032623,0.7180246984499971,1.0486921581456934,0.9793413895461038,1.1369284022298167,1.0130379315539026,1.0951099804852138,1.2915808777966318
Sound,0.7877288064553709,0.5721519612432546,0.9712049479229649,0.644549635916588,0.7046681871652876,0.5556504325080517,0.7297179561130419,0.8468370754256663
Networking and Internet Architecture,1.0200129012935086,0.747896301647008,0.9351937842541816,0.8298951039446163,1.264937533531071,0.7739523445057989,0.7742263379864237,0.9836841212263551
"Distributed, Parallel, and Cluster Computing",1.1320986569527218,0.7708297979394557,1.0304047520347905,0.8227103506353416,1.1009907149400395,0.8326481424608546,0.9294895246191464,1.1079472200584273
Computer Science and Game Theory,1.1215812994762906,0.7462780383609198,1.0108306894980277,0.9675710015841975,1.2969802501694252,0.8476652761327453,0.8807500716519162,1.072486839115725
Performance,1.0311324965188446,0.7453371297677633,0.8704371510138518,0.8040815035796658,1.171792573309078,0.715505163019098,0.8687853602015104,0.9958300355068314
Programming Languages,1.0343002211627417,0.780451673040225,0.8830331388949142,0.7947211451408466,0.8673558491913866,0.8757020065840391,0.7354553648798287,0.9878930900055126
Cryptography and Security,1.0266135079328942,0.7645782128448309,0.9589036459858687,0.7839474681294956,1.0286489601424718,0.7817098494125025,0.7638735376287507,0.9969687399537897
"Computational Engineering, Finance, and Science",1.107825984286685,0.7396213547177896,1.0937743998381864,0.9690661645049078,0.93007699089212,0.7543864354182487,0.7445765020671409,1.0262829425144804
Neural and Evolutionary Computation,0.952183540738159,0.7234882176054382,0.9915270971073779,0.6954766117277346,0.842300663714198,0.7052865179025041,0.7784279693797267,0.9266231915825286
Mathematical Software,1.2303730669769999,0.8740543986916043,1.1728235591255354,0.8253455574006603,0.9902044104197348,0.8977305602634669,1.0638298353559423,1.1536461298095908
Discrete Mathematics,1.130841606505047,0.6946741322921183,0.8800340514929923,1.0174692947335706,0.9617654974459329,0.7944716876552169,1.0798747700608304,1.1673297950974795
Computer Vision and Pattern Recognition,0.7311726595274556,0.5441846368372003,1.0668588071666718,0.5437378321300241,0.6901336487872316,0.5744931376781118,0.6943186090959436,0.786065836061043
Software Engineering,1.1281553983580717,0.7850133834015942,0.9242951949632394,0.8065266802939209,0.7426420830178073,0.6935440910980053,0.6720873454008564,0.993904415789425
Numerical Analysis,1.164070498261783,0.7175238234319496,1.0843449035300083,0.8750955333776778,1.371228802664882,0.9187296393711523,0.8908843994062784,1.1079224443554567
Digital Libraries,0.8612706466567477,0.6775551363128007,0.8375356628513433,0.7068426965863688,0.7187388691020723,0.5185439452598666,0.5308694589147622,0.7732771109037997
Symbolic Computation,1.0979418542338744,0.6785906788601982,0.7842749553496694,0.8555450416603386,0.8447323433832992,1.007360341731154,0.9101025976979285,1.1638846638509015
Graphics,1.0757810019005811,0.7707093013711708,1.1240791282795306,0.652719392383336,0.8543775927637896,0.7596370107144201,0.8331545011140085,1.0921761100607428
Databases,1.24794824069277,0.8038497865253914,0.9896174749869813,0.9252203799954497,1.1397888175201485,0.8633410410950033,0.8588730002155662,1.2023913259772552
Multiagent Systems,1.1852027426982559,0.8797820808602866,1.222035743249434,0.939408269129785,1.2103899079989067,0.911332032402849,0.8172467204638579,1.1429206290003546
Operating Systems,0.9023451713060289,0.5748991668663944,0.5119326668551313,0.6311942874777743,0.6301812367496319,0.44040134373519374,0.5828123534815923,0.8616653962872171
Information Retrieval,0.9987769229275254,0.7256666496854967,1.1076424220690144,0.7001130115487898,0.7981588892032776,0.6743705388954306,0.7792661301204585,0.9383035292784419
Hardware Architecture,0.8839497936377133,0.7369188272228918,0.8607049620461877,0.6891883950879981,0.842368789176937,0.6513140232968522,0.6369598893523144,0.9471302682208321
Robotics,0.9295332654477314,0.711517011011935,1.1504366830778279,0.6325525699956706,0.7732578668153626,0.6925117651799078,0.7038885750115534,0.9110250105886064
Computers and Society,0.7974702337323745,0.6302968308834759,0.7201555551543276,0.6339597183479647,0.7669629629917587,0.587335013127503,0.5509646046711735,0.7559481336905292
Human-Computer Interaction,0.9121781411574725,0.6887796593408718,0.8218150832267095,0.6853887866740312,0.7826049059910914,0.7125967939385999,0.6265597996693069,0.8842557178732058
Multimedia,0.9090815634747093,0.669294719379463,1.03196716566013,0.6294694013868978,0.861989845512825,0.6888887577527978,0.8016405141671006,0.9270240650788363
Social and Information Networks,0.9379572781620308,0.6993914267580976,1.0866560392351619,0.7481562662651322,0.9894926658349511,0.6317301446127858,0.6177594898371241,0.8750358455034144
Systems and Control,1.1432893871986527,0.7794835556069319,1.1967128007898693,0.8692134433302993,1.513176812884354,0.9064596797823832,0.8516858550976912,1.0921809814214911
Emerging Technologies,1.1263937837362772,0.7957679349042409,1.0345632806621967,0.7241943704346041,0.9382941415665981,0.7841422502568162,0.7447097460029986,1.1017164945244233
Formal Languages and Automata Theory,1.1421457348827613,0.7604087562988667,0.9076244643788742,0.9319926961887535,1.1804949833758684,0.8811406740465888,0.996665351114208,1.1844418437115756
