name,Abstract,Introduction,Background,Related_Work,Methods,Results,Discussion,Conclusion
Computational Complexity,1.1902454562891567,0.7046798303484146,0.9337169587649633,0.9758010834937141,1.1014516781788024,0.7461711993069678,1.0787497749244723,1.1690735697318497
Logic in Computer Science,0.968447004717922,0.68625782207971,0.8628691349592525,0.781341906752013,1.0816065868544087,0.9395364647675581,0.84005054538074,0.9194099497961079
Information Theory,1.008923280587624,0.679754508600769,0.9815795185337629,0.988616797911981,1.5613020434058955,0.8330048541720543,0.8540120649128562,0.940325621196999
Artificial Intelligence,1.0213633616539113,0.7413904171505834,1.0874769064601635,0.716354730238651,0.9529932899258153,0.7290814698737769,0.7736262481646945,0.9895409179583395
Computation and Language,0.7230392960519955,0.5318654681631781,0.8370308988130782,0.5145492714679786,0.6453119217577232,0.49444315813397716,0.5941169148462765,0.7067114166005898
Computational Geometry,1.0665626797199903,0.6384729677830044,0.851273139230056,0.7739483648510876,0.8943349101583494,0.9285440773466012,1.1023075508740323,1.1211732746554939
Machine Learning,0.9679103848179205,0.6717097015709393,1.0978526338585874,0.7175176423237999,1.17181133870467,0.7969932571429656,0.8057778097984988,0.9729254691530512
Data Structures and Algorithms,1.2286290685650783,0.7120083728997904,1.0415888876350075,1.0162161550988955,1.1303549135211206,1.0036589701555496,1.1341658965915444,1.2981520562804791
Sound,0.7726399610003073,0.5607976891011215,0.8756233796680107,0.6359574580239286,0.6768032516963916,0.5276318932898356,0.7048127656853055,0.8053545706932096
Networking and Internet Architecture,1.0831141349247035,0.7784628604142981,0.966991835154917,0.9113892047661576,1.3112914754948668,0.7718509637255511,0.7744877036706187,1.0338412440856566
"Distributed, Parallel, and Cluster Computing",1.1316153747076494,0.7687025125877401,1.0153829378122892,0.8356310163150293,1.108391562261713,0.8247126557505792,0.9100842834561076,1.105346793505537
Computer Science and Game Theory,1.09610501363814,0.7236340602497,1.006253786335539,0.9883246161670568,1.3182643245121728,0.8221747390095906,0.8813489064684691,1.07582000918487
Performance,1.061898587640586,0.7471421670577408,0.8635411877114482,0.810389940888689,1.1867280365395536,0.7566378575458542,0.8003028069698909,1.0059927743529067
Programming Languages,0.9973621543178366,0.7318989429801165,0.8732738501050401,0.7461901724967724,0.8731380979103072,0.8449064548027222,0.7519636273247416,0.937612989205295
Cryptography and Security,1.0450032951678956,0.7652636435618823,0.983741077427918,0.7926040688352106,1.0535573297461238,0.7959470422155706,0.7725173194017686,1.0121262408878458
"Computational Engineering, Finance, and Science",1.105855437804347,0.7167209428562488,1.1039278303093534,0.9718603598860072,0.9553625149271145,0.7210999536498849,0.7197483533604978,1.0319226042720941
Neural and Evolutionary Computation,0.9185210271879095,0.6844988428712125,0.9465587243368779,0.6644620536533731,0.8249715789580256,0.6637045596238415,0.7371717227079616,0.9054535208415242
Mathematical Software,1.129086374578277,0.8239761928516851,1.0731439794711337,0.7173892960804447,0.9851699988690814,0.8464146220755041,1.013675231345545,1.0593014595361507
Discrete Mathematics,1.1213698322938415,0.6815730765665164,0.8685795935156848,1.0047073898408845,0.9648056329881807,0.782978685303865,1.0868110606652301,1.1396919164174353
Computer Vision and Pattern Recognition,0.698944763037548,0.5264091037424937,1.0429637724564185,0.5150369215470885,0.686209800900856,0.5455298583766902,0.6608861364123094,0.7623586982691528
Software Engineering,0.9747467591664706,0.7135004292438687,0.8148784943631332,0.7059025991267458,0.6812621704436336,0.6240905833673114,0.5904146875563435,0.8607760651855149
Numerical Analysis,1.1508628543536514,0.6761304607815851,1.17100066511974,0.8012644229314045,1.4667825103373955,0.9531083603237003,0.8777094973969856,1.0901631192889505
Digital Libraries,0.773304239994169,0.5965291710455456,0.7556767956978659,0.5880503004269126,0.6816740237152096,0.4513197115164413,0.4872586233828903,0.6846080906646257
Symbolic Computation,1.0794803986588,0.6717244272427907,0.8316886065747127,0.8991654054556281,0.864484447735343,0.9777332154323195,0.8218696026936617,1.1049716689432856
Graphics,0.9544382126742479,0.7072601460471568,1.178343673368121,0.5787091866991544,0.7983609275338097,0.6956083682377974,0.6755886277619048,0.978568728451378
Databases,1.1863268958646718,0.7786875517638302,1.0362225199140855,0.9026249923407161,1.0770095680043092,0.8133102755857273,0.8128749088700177,1.1909175120066018
Multiagent Systems,1.1742047001829832,0.8418238047943649,1.1976551454650586,0.9883553725312884,1.2095864609487905,0.929340498440107,0.8037585724359403,1.1506890598832122
Operating Systems,0.9318451203615631,0.615167831901749,0.585390142318893,0.6078866243729991,0.690218406686904,0.5111900698594193,0.5449722399012004,0.8968012606581858
Information Retrieval,0.9391299348702438,0.6672918134363206,1.0369530675329903,0.6323590370540825,0.7364823465090752,0.6138707513279464,0.6846830809171601,0.8631133541765844
Hardware Architecture,0.9014106552723314,0.741875874126542,0.9466549750785246,0.7088407319619717,0.877832145414237,0.7146836579791739,0.7666211462833712,0.958776114679113
Robotics,0.8896791062285528,0.6665353961703154,1.1225950691820497,0.6244966670955006,0.7674737038377046,0.6630102822517294,0.711551651787551,0.9165574378947157
Computers and Society,0.8067414043720216,0.5938478296721781,0.6825327112991673,0.6202952009667958,0.7636037216928584,0.5357864898905341,0.514528742324113,0.7257222229804449
Human-Computer Interaction,0.8866957464803279,0.6606627683215406,0.813211547378898,0.644306609730299,0.7928077372769448,0.6889990787182847,0.5969759347737069,0.850256476553123
Multimedia,0.8753346825006221,0.6779708863749855,0.9781668133119465,0.6360374845162092,0.8560907249025794,0.6689195256710065,0.7495620833451057,0.8957592663347762
Social and Information Networks,0.8662898145579446,0.637252425856049,1.0766001083820607,0.7304041882302833,0.9678884793311266,0.5945754369929886,0.5785969261228049,0.8265246284998595
Systems and Control,1.1407394226760483,0.750870733929292,1.1593541618695422,0.8631883542349137,1.5358887668780452,0.8847269348025563,0.8190840112578259,1.096782239541284
Emerging Technologies,1.0531802489617177,0.7694348522716695,1.088243179783326,0.7560265528174962,0.9029272096641825,0.758247353930366,0.7220874394149601,1.0764000740160233
Formal Languages and Automata Theory,1.2798615024013402,0.8743117554219096,0.9961362484822897,0.92075616044914,1.2153879204514657,0.8976121262716981,1.049765746880738,1.2937541064681621
