name,Abstract,Introduction,Background,Related_Work,Methods,Results,Discussion,Conclusion
Computational Complexity,1.2315250799033906,0.7222435574138685,0.9920643493998175,0.9785379509227689,1.161000201824651,0.7624311696220106,1.074973931713201,1.2035633191569226
Logic in Computer Science,1.0352035584607129,0.725892442107071,0.9096482420610396,0.8433429276827831,1.1223141304538162,0.9403330895364057,0.8488666041254765,1.0000865125629745
Information Theory,0.9960442911748207,0.6666719646144251,0.9354828942761009,0.979982563066262,1.4913298918465616,0.8150435326829358,0.8432632865716668,0.9359597076887339
Artificial Intelligence,1.021403529983557,0.7589267734958758,1.111784659709881,0.7634606355367595,0.9669502669356825,0.7448191048918839,0.8160365818296512,1.0006798147827205
Computation and Language,0.797492209621019,0.6031991244821734,0.9174303521544457,0.618963313223581,0.7414667383833407,0.579698421193898,0.669242786560669,0.7779123160324026
Computational Geometry,1.0710979289444889,0.66755354756399,0.8784383024890828,0.7860985623950929,0.9085447788614286,0.9063000463958111,1.0547886157362885,1.129715736035986
Machine Learning,0.9640039375628745,0.677673555792522,1.1074537738544716,0.7447575324229639,1.1769130833718704,0.7940567528858332,0.8182278093397444,0.9873487742159098
Data Structures and Algorithms,1.2295217867706214,0.7389855100069285,1.0681480973578754,0.9956777961065173,1.1456643686440269,0.97648856482402,1.1163402090202617,1.284849123721504
Sound,0.8565137130931223,0.5935419499078062,1.0089720570657887,0.7106669352186421,0.7925462089650483,0.5956153676146687,0.8117554774873537,0.9245332947709767
Networking and Internet Architecture,0.9849895971396626,0.7039901481160675,0.901460291810434,0.8236882357200811,1.2375165155760661,0.7575629005322233,0.7695305799112232,0.9648977746465609
"Distributed, Parallel, and Cluster Computing",1.049256832740014,0.7097119009135151,0.9488530553363252,0.7903533037862716,1.0324635000034448,0.7933255911072808,0.8632407837425842,1.0142244273812344
Computer Science and Game Theory,1.0661317319441235,0.7286817499841409,1.0053426774066636,0.9618567216427149,1.2627031621457947,0.8014795702494217,0.8344376253382004,1.0329220184109424
Performance,0.9856934154518634,0.7067417325724039,0.8845745638687645,0.7825736850163685,1.1610876753087875,0.703651553714851,0.8407467230903474,0.9620310741539072
Programming Languages,1.0351900383817605,0.7834483770167339,0.8912710500707228,0.7829741812334147,0.91656478435987,0.8884506781455512,0.7950157346867645,1.0244960457155625
Cryptography and Security,1.0143039270561416,0.7297035756571788,0.9499006406491356,0.7631356514300671,1.0505469994262242,0.7930246589184357,0.7718974588576778,0.991797351912332
"Computational Engineering, Finance, and Science",1.0333801342906028,0.7063165859291773,1.0824299613210129,0.9802257773562345,0.9053542966902232,0.6937447031993892,0.7171969016171351,0.9606412219912595
Neural and Evolutionary Computation,0.9840698490002207,0.735877993203577,1.030058045242907,0.7179293530740476,0.875745350410523,0.7116643673727825,0.7826006576101641,0.9585111536156881
Mathematical Software,1.1387366459965058,0.8612341037516678,1.0883983965703627,0.7623442752353444,0.9173862053306893,0.8745809336356247,0.9338610817169661,1.060697737015741
Discrete Mathematics,1.1548608934469686,0.7191944053208212,0.9315522156076333,1.0834068061241184,0.9691771993093112,0.8145556589351025,1.0789636514159582,1.166484114298194
Computer Vision and Pattern Recognition,0.7570016252717623,0.5557060021121317,1.1015721389408144,0.5618142211570177,0.7320326258055372,0.588849272853005,0.7146596848093104,0.8191209491366307
Software Engineering,1.0338400646176784,0.7554912343646072,0.8795077366874374,0.7659477828420849,0.6862048788707025,0.6529160035658145,0.6240336269090234,0.9173926303992574
Numerical Analysis,1.033540733738852,0.6810877336795372,1.001246063410715,0.8857405821164455,1.321291080129607,0.8476386599382068,0.8816161978660628,0.9819177774403769
Digital Libraries,0.7907597581995119,0.6117121877028647,0.7301420671310968,0.6595112943760773,0.7068291542913406,0.5349052222848346,0.5083207068340551,0.7026036513103199
Symbolic Computation,1.1025697508164758,0.7145890416932601,0.8051811879433834,0.9844429578011623,0.8699955740103293,0.9567471973035377,1.045494988435964,1.118821865560288
Graphics,1.0054309339047938,0.7305612132355104,1.1699883306036654,0.6128600529762802,0.7750901897438947,0.7420990248432671,0.776134064704834,1.0398685550261892
Databases,1.1924602344146202,0.7881146538849114,1.0897932558721461,0.954366990082192,1.1115241255402284,0.8518138924323151,0.8431364664058144,1.133583024668955
Multiagent Systems,1.1988163590028944,0.8697469824445022,1.1998280515319335,0.9276335338871438,1.1790774986231107,0.9034947261269838,0.8125325697828845,1.1483727656801537
Operating Systems,0.9111462738282977,0.5637679249849109,0.5124551583151541,0.5391215730149621,0.602878541359819,0.47479074524938814,0.622309731166951,0.8732000633832158
Information Retrieval,1.0052407644496557,0.7226504715499842,1.1618233221688092,0.7201410635505039,0.8406821313979977,0.6890907245580276,0.7577963469107687,0.9319229005052548
Hardware Architecture,0.8514957362432488,0.6283891442036171,0.8819652881525032,0.5964177436775967,0.7373814018182689,0.6111128290245958,0.6218482386279839,0.8993900241129046
Robotics,0.9868127077562485,0.7347962511235498,1.1641092952818028,0.6680389236897236,0.7703690809861783,0.7116933647628291,0.7679200581300413,0.9923682132359828
Computers and Society,0.777564409002617,0.5920058027202412,0.720391519304561,0.6138256026077757,0.796104653520234,0.5735766467569149,0.5483806275110686,0.7654052882282398
Human-Computer Interaction,0.8793697947334826,0.6454445477198121,0.8466693810876087,0.6766720639592437,0.7390422780030123,0.710146560676362,0.5872804913099751,0.8768999666756458
Multimedia,0.9306301694377708,0.6963596887868374,1.0520303066405814,0.6469514359776637,0.8798435385842798,0.722323370301634,0.831777846072892,0.9548352543449726
Social and Information Networks,0.9217630795011464,0.6785036224608838,1.1042780046848424,0.7736867416917727,1.0165808627478663,0.6354856765979622,0.6357034990606699,0.8830096468590566
Systems and Control,1.24608405338336,0.8125378443460367,1.1954120726219408,0.9113430062565291,1.540336336208522,0.9515022265614814,0.8692165274427104,1.206421848787281
Emerging Technologies,1.0038267381314292,0.7506114097101475,1.032968353062673,0.7698684257145754,0.8498397226112451,0.7428010478884922,0.6808081885819816,1.0639600364516966
Formal Languages and Automata Theory,1.1855541550931747,0.7780558130816574,0.9468619005218885,0.8804209911078049,1.1932188106865467,0.91826671810091,1.0494073411180205,1.2327059631286135
