name,Abstract,Introduction,Background,Related_Work,Methods,Results,Discussion,Conclusion
Computational Complexity,1.2233927976494094,0.717485074845103,0.9953670306242154,1.1068921887010885,1.1300151059098036,0.7991308500805216,1.0842613755571144,1.21632518980396
Logic in Computer Science,1.0623867403801344,0.741469494325782,0.9172714865032524,0.8662279623977444,1.1255477026577512,0.9735821452510907,0.8770251350903918,1.0207759717797347
Information Theory,1.0266837917573526,0.6700363621779695,0.9788850579293645,0.990208649929316,1.553831089263504,0.8435660242465918,0.8623475642770995,0.9625358913118893
Artificial Intelligence,1.0546669451233155,0.7835918356491848,1.1613058456797407,0.762855418792735,0.970044847016075,0.7468264438025541,0.8328156799487197,1.0325316683214911
Computation and Language,0.788689178407574,0.5972977695899192,0.9092046334381438,0.5897659409155478,0.6960504816486379,0.5481789249582971,0.6662695157852502,0.7701651104611461
Computational Geometry,1.091785700964509,0.6529769872250114,0.8584572903249211,0.7624003319330616,0.8740137931496155,0.9470754702108273,1.029309467314153,1.1166049056402818
Machine Learning,0.9902547791122588,0.6984279661815843,1.1197980257321416,0.7425286671910305,1.1636638376023438,0.7958946171681933,0.8329697282123995,1.0008436542668866
Data Structures and Algorithms,1.2369764163780546,0.7199769246183633,1.0515441194979938,1.011519655614507,1.1164347746527188,1.0167233334739365,1.1250354539573266,1.2812340202907795
Sound,0.7363758964813198,0.5473547663122047,0.9690184148422234,0.6538167865103754,0.7178645790876806,0.5669387457311508,0.7045703728845327,0.8029819966675892
Networking and Internet Architecture,1.053499458476829,0.7624811871061625,0.952031238391848,0.8618266227595014,1.2957424393829775,0.7814517970274067,0.7876694459938067,1.0331695213158134
"Distributed, Parallel, and Cluster Computing",1.0808330695681247,0.7428510219385526,1.0078064214668438,0.8144727792615458,1.0538067488118374,0.8438091626651741,0.8990585628217654,1.062913839595427
Computer Science and Game Theory,1.123842448902111,0.7499858379604317,0.9828538084942438,0.9905388314226071,1.2530650442785525,0.8145419978589482,0.8967815657898623,1.092655676769626
Performance,1.0691378370747793,0.7763461998861257,0.8704993840510491,0.823537444320847,1.2277497381565061,0.7973530254413537,0.903590107996388,1.0527215460779842
Programming Languages,1.0742678517768447,0.8153593894069227,0.8698495830414926,0.7862892725089412,0.8863449481805646,0.8574316577521999,0.84176267516173,1.0233544271204784
Cryptography and Security,1.0325356384542157,0.7669323184141427,0.9613224741344507,0.8094196902789889,1.058398513590375,0.8191986322771502,0.8209188063435006,1.025438709100889
"Computational Engineering, Finance, and Science",1.1008140115166694,0.750517385878166,1.0951882326146167,1.0451134681918033,0.9372313114739413,0.7503945639216493,0.7754053742572922,1.0295749350254202
Neural and Evolutionary Computation,0.9783489646835142,0.7656708176148473,1.0247315481918515,0.717013829006781,0.8526602307913872,0.7108054204210613,0.7878350563332994,0.966919613260719
Mathematical Software,1.147570545596008,0.8858843067885929,1.1552034819068833,0.7615108231368886,0.8922134546062673,0.9086846341608675,0.8863262676677867,1.059587466693251
Discrete Mathematics,1.1284804312601286,0.7003973477744476,0.9062025494546913,1.0737880416080576,0.9695235741047502,0.8054818845210734,1.1070291168149262,1.16740646566482
Computer Vision and Pattern Recognition,0.7396104148920627,0.5479147420136248,1.0758295523852426,0.5376786760370883,0.7087418300179533,0.5764265077521159,0.691345584741403,0.7969310668631314
Software Engineering,1.0577336942149913,0.7957605889595979,0.8719753351803469,0.7604212320240211,0.6962943314523912,0.663027384278908,0.664645248379235,0.9514245591063332
Numerical Analysis,1.0692135564008478,0.6847185652308224,0.9905301349929556,0.8253771200242684,1.2817062164188076,0.8624020065254107,0.8535174385039177,0.992055300724348
Digital Libraries,0.8786644176509849,0.6765672815593919,0.8082078525613466,0.7156123026373712,0.7795963359190081,0.5667734788828948,0.586298240947405,0.8162429323864614
Symbolic Computation,1.0747386998516755,0.6951729963974264,0.7952462711221618,0.9240523302789235,0.8299990649427698,0.9763985116418983,0.8577865634687359,1.1229705087214
Graphics,1.0111699686349112,0.7235317071608589,1.1336178934289665,0.5902272431831609,0.8192373760798377,0.752847583549859,0.7483476739688717,1.0347929886846998
Databases,1.269170067298711,0.8134924916187685,1.065015828104515,0.9594800589639646,1.1159042524266782,0.8407207387872214,0.9013234439924656,1.2426925209434316
Multiagent Systems,1.1779443347351597,0.8584601787369244,1.195896332710303,0.9542171786688672,1.174671386270006,0.906820025668302,0.8320052226030321,1.1345846775608366
Operating Systems,0.9436659181914347,0.6148323277785784,0.6162226280825516,0.59366795417305,0.7278854431220789,0.5092878148311817,0.6096499884332561,0.9357114731724262
Information Retrieval,1.0283889366954255,0.7203443428259341,1.0808012579378088,0.709554133460581,0.8021538080756483,0.6767862065063325,0.7450670639283188,0.9491440601224629
Hardware Architecture,0.848803316217371,0.6898610652750029,0.7943874636115835,0.635382108921627,0.7834335443994944,0.6803738741353674,0.6886928126513402,0.8934358132912309
Robotics,0.9139696792748038,0.6802877228419798,1.1504625602280103,0.620243975498079,0.7713238757899431,0.6711300703117091,0.7206478903933136,0.925038504381238
Computers and Society,0.8264671546914223,0.6070670955137456,0.7014530380800895,0.6489346744577932,0.8085626941501881,0.6199628162033086,0.5603430494741765,0.764269931247161
Human-Computer Interaction,0.8936957391641452,0.6746491971951074,0.8072217212634569,0.6744832862084889,0.7635372134793483,0.754315753567556,0.6359974083289041,0.8713882651957915
Multimedia,0.9154611381377279,0.6813994463746104,1.0702590061267385,0.6352149458949108,0.8794522354996734,0.6881442349965676,0.8325911615932564,0.9472600858890312
Social and Information Networks,0.9335548342159208,0.6923557929036979,1.0758111594128787,0.7797534294711537,1.008520025111368,0.639842704503084,0.6438361176148483,0.9001001920812659
Systems and Control,1.1856456198415408,0.7835946931734012,1.1466853130039794,0.8626899480006572,1.4730686673006779,0.9190103252487625,0.8521905250383245,1.138682962456838
Emerging Technologies,1.0618960424569748,0.8164068703112427,1.1369616491440164,0.8365230181263876,0.9287834969335155,0.7470592478356441,0.7415036640478687,1.059936344479214
Formal Languages and Automata Theory,1.151117649835339,0.796541999888562,0.9403564792045396,0.9568345250056067,1.2114403450815825,0.8673291496481766,1.0404167368465422,1.1717037715993204
