name,Abstract,Introduction,Background,Related_Work,Methods,Results,Discussion,Conclusion
Computational Complexity,1.201637158058083,0.7087726745724097,0.9997677766634331,1.052852994884725,1.1419399240939088,0.7662008627783612,1.0560420963033383,1.2157621400162373
Logic in Computer Science,1.0631706831230021,0.7091010454698204,0.9062567345523923,0.847844099680048,1.1595882735261431,0.9539662714345568,0.8982472463779106,1.0085348874416629
Information Theory,1.0254493407859253,0.6858357575358297,1.0324421722067123,0.9686737160822801,1.5341904908080841,0.8019006300048678,0.8497148526021862,0.9435274839166129
Artificial Intelligence,1.029977659810848,0.7505795206356135,1.0857036957297257,0.74253060394325,0.9368151191006532,0.7251698275260559,0.8059405958453427,1.0026637468551294
Computation and Language,0.7793591377941177,0.5981844776036821,0.8878182211316606,0.6021365235709114,0.6843223313236636,0.5546401352749594,0.6632074128437674,0.7713835877990449
Computational Geometry,1.0818920421500002,0.6346914589153145,0.8715345771794495,0.7475398383455958,0.8793560019981351,0.9509626431824797,1.0191329018892694,1.1341685588321733
Machine Learning,0.9636775179370759,0.6775598455544929,1.1018622730414056,0.7250389646390047,1.137095825386076,0.7921619660248231,0.8097315320012024,0.9793444985396578
Data Structures and Algorithms,1.186931390113508,0.7046488280213784,1.0956076593386754,0.9539458814233506,1.107285209130224,0.988070782955353,1.0660830028749892,1.2760304765603636
Sound,0.7811585065298762,0.5658564184196258,0.9324743684293483,0.6915143015961266,0.7141900472307374,0.5620808867037258,0.7308622834247631,0.8741800560434567
Networking and Internet Architecture,0.9741496341006837,0.711979840600075,0.9467999919846338,0.797825505058235,1.2750039220114904,0.7400665774210047,0.7302495263396723,0.9665954327659697
"Distributed, Parallel, and Cluster Computing",1.0540334057828047,0.7398356887941504,1.0195139160108577,0.7848720515949695,1.0544902859531056,0.7916317879071033,0.8587797237925289,1.0632145795447496
Computer Science and Game Theory,1.0792555860015616,0.7425895567575648,1.043000968151753,0.9387501494181423,1.3042981405638743,0.7994889185123547,0.8673133578467898,1.0522560419100853
Performance,1.0087307045834843,0.6954116040904513,0.8407104019901661,0.7951051174575468,1.1458624379807847,0.6935931153649605,0.7835544134080661,0.9732216040754627
Programming Languages,1.0656743424650614,0.8094631078454647,0.9389072864998474,0.7962675893283675,0.9943657030589436,0.8509661210557218,0.7904160232246688,1.0463348467940583
Cryptography and Security,0.9972939245315826,0.7417328049277995,0.9587153834362686,0.7755794810586737,1.0393410604653608,0.7863100773189181,0.7557109654686783,0.9873395366201585
"Computational Engineering, Finance, and Science",1.0803022494809131,0.7103073322791318,1.1158527077571907,0.9193379587189648,0.9125492301011152,0.7228845588188868,0.7091787060510983,1.000326360941464
Neural and Evolutionary Computation,0.9058663718635366,0.6995289687123666,0.9308470455648526,0.6734672274740305,0.811627456522888,0.666564750088945,0.7601757219508699,0.8893517859176027
Mathematical Software,1.1751933725260664,0.9012452238749086,1.0819202252541962,0.7686332469267638,0.934808558177368,0.8863694856151043,0.8453323678057905,1.116123542083225
Discrete Mathematics,1.1034990377296188,0.6850504153699455,0.9025632646662989,1.026844817727899,0.9658887925023671,0.7894441194553715,1.0884967389525255,1.1413243511401496
Computer Vision and Pattern Recognition,0.7228015488961905,0.535079473910075,1.0453965082045227,0.5306381187600075,0.676422591513376,0.5589154149032455,0.6830256425321457,0.7822464186457143
Software Engineering,1.0198490407172254,0.7712069531892936,0.8417245479168335,0.7329944095489273,0.6763971485360847,0.6245117438361935,0.6157638029931151,0.9079442050012629
Numerical Analysis,1.1450112462557747,0.7263899432494098,1.090441842706854,0.826352370115156,1.3118382498020569,0.8979018743800471,0.868399893783229,1.060028256862785
Digital Libraries,0.7875068587364223,0.6096728934268869,0.7102724581346421,0.7010843394425905,0.6938466838376929,0.5191452255342063,0.5277640198559206,0.759498155983674
Symbolic Computation,1.0585287872748006,0.6892357873496711,0.8124334848810297,0.8776561616715236,0.8538588017316848,0.9861741451121172,0.977016013032413,1.0828366929993074
Graphics,0.9838738585463095,0.735324547818585,1.1129512763150635,0.6198535309235251,0.7867738348044371,0.7101493605840754,0.7112392683265107,1.0323928939974436
Databases,1.1975307105977537,0.7857867324340151,1.0324156965942348,0.9185553058587059,1.0908354842701733,0.7908009326864794,0.7750782477169391,1.1887435427234192
Multiagent Systems,1.203502249696753,0.8703878708296103,1.196404838312096,0.9229305824102045,1.1651618637814394,0.87548266022981,0.8242813409417522,1.1379305652400427
Operating Systems,0.8925512097480681,0.5838156510027052,0.5650675515098359,0.5792208262357144,0.6833410370897441,0.42480100433826407,0.6662439952614957,0.8554923064961304
Information Retrieval,0.9840601645193817,0.7070021872855166,1.1263557912747726,0.6979429294173086,0.7839398345530805,0.6558171989155246,0.7358119683977742,0.9213083780038026
Hardware Architecture,0.8419264377535087,0.6692564842631562,0.9007667171656517,0.6317164659364662,0.8140937891094387,0.6551573058471867,0.6338945645041267,0.9373875378026185
Robotics,0.9487418047100112,0.7118225275510405,1.1590479359138774,0.6321795928167261,0.772163217129513,0.6831359117490607,0.7436443261821528,0.959214577293614
Computers and Society,0.7762380233238705,0.582910307857786,0.6771625938863773,0.6088758648400894,0.7328127250327027,0.5820047519682491,0.5273961303238891,0.7551369735470954
Human-Computer Interaction,0.8845824420424182,0.6539728014577749,0.7684814755622096,0.667825343958209,0.7256431287957065,0.7116499057874475,0.5977983672903168,0.8766545367456915
Multimedia,0.8714226294125083,0.6549840430997449,1.0047317375107152,0.5909393757305509,0.854888246384294,0.6458177959167443,0.7504541298694649,0.9079572416261456
Social and Information Networks,0.8882810887615137,0.6690118024230827,1.079403717452706,0.7349355469688406,0.9500508566908397,0.6086817464447345,0.601030476179711,0.8542189669160967
Systems and Control,1.1652341914211921,0.7849825532363842,1.1646220468316035,0.8392328802772416,1.5101104435856703,0.8800235316010272,0.8345843152032498,1.124712498046556
Emerging Technologies,1.014175104507846,0.7536755477853788,1.0540331282092068,0.7497349028413615,0.8988509321808713,0.7338165361405101,0.652751929728503,1.038299804650959
Formal Languages and Automata Theory,1.0476600020215006,0.697427380229907,0.8558219045610642,0.8392190421044999,1.1488283943995419,0.8119072869808903,1.0004373033992826,1.131496932057866
