name,Abstract,Introduction,Background,Related_Work,Methods,Results,Discussion,Conclusion
Computational Complexity,1.1950379105677258,0.6870213093309269,0.9275850232817068,1.0157704966760455,1.087653228896492,0.7672015191665041,1.0566911163819153,1.1743172246050084
Logic in Computer Science,1.0150355133800293,0.7100351096967727,0.8733687598308507,0.8081152914574713,1.0885679378235356,0.9419948459500791,0.8263219054163211,0.9816612294806712
Information Theory,1.0079365891862557,0.666997945922116,0.9529631615916031,0.9883625547385354,1.5212874313342257,0.8256679973898283,0.8298704254329171,0.9317909426511679
Artificial Intelligence,1.023957612764812,0.7460531238516506,1.08385102778356,0.7431571141048,0.9455172327789643,0.7371605847938367,0.78689920149851,0.9907883824368535
Computation and Language,0.7420022365267981,0.5711772778293118,0.849864705610738,0.5581290356979421,0.6759085389647531,0.5420254526724391,0.6221673662613458,0.7353882641946553
Computational Geometry,1.0573746308197793,0.6134474930460635,0.8022134612160495,0.721865355942528,0.8460498885024751,0.887002600928133,1.0029842832969722,1.1030718581449577
Machine Learning,0.9689492718535655,0.6719830640315889,1.0936764892129138,0.731658031879303,1.1426561908472979,0.8031215192242941,0.8008350782868175,0.9760676331213715
Data Structures and Algorithms,1.2134388832761849,0.6948425652253932,1.044672962535583,0.9789489810339288,1.1153158552093143,0.9732089067326056,1.0789659039752666,1.2627682790881296
Sound,0.9307409438555659,0.6680838935675611,1.049662451705536,0.7788797056441232,0.8011727937650508,0.6785896755130626,0.8227696240169524,1.0041538130070737
Networking and Internet Architecture,1.0115153920223254,0.71735530854187,0.9330330809900229,0.8436403075877086,1.2424948992827842,0.7714349472337324,0.7466569042634644,0.9845411428814396
"Distributed, Parallel, and Cluster Computing",1.0403234185866923,0.6935059535429713,0.963568089681574,0.7872038306343668,1.045729935573752,0.7925855787925982,0.8338477010187065,1.0436092627880407
Computer Science and Game Theory,1.1062145283677538,0.7319088362300609,1.0019642470982586,0.9888479436252496,1.2933076737336977,0.8245569223937256,0.8745703724652268,1.05500776606338
Performance,1.006190841874814,0.7035914286432137,0.8467040875128261,0.789720078569352,1.1595713369404,0.7054852982289077,0.8094924157464821,0.9653366053010917
Programming Languages,1.0093332718727226,0.75996562213222,0.9171990538040895,0.7837626127258654,0.8864416194349325,0.8985053692554463,0.799828709907993,0.985304598469035
Cryptography and Security,1.0730629014619335,0.7602951269283424,0.9973128299303883,0.8098689269974579,1.0492735150575483,0.8094510445999866,0.7745230617165093,1.0205857472474402
"Computational Engineering, Finance, and Science",1.0007162840310508,0.6811818189196086,1.0488435285421345,0.9588206006436104,0.8360839867306775,0.6875902814400742,0.6631418495019177,0.9391653710736754
Neural and Evolutionary Computation,0.9457335158285768,0.7112710630971927,0.9642221468771638,0.6687836250320727,0.809898372194922,0.6925004598968149,0.7505862815024201,0.9128580416570421
Mathematical Software,1.093041342506936,0.8143203171544157,1.0847891108557475,0.7181769428326028,1.0102711486521005,0.7851635055183359,0.9256546371005311,1.0428799622140537
Discrete Mathematics,1.084705845877387,0.6526088372979582,0.8613397890692119,1.0532088605027625,0.9061164736723769,0.7614358682632896,1.047636363146634,1.103213592959279
Computer Vision and Pattern Recognition,0.7230397743856418,0.5258762069106597,1.0522562102973039,0.5337458155786443,0.6908699396245686,0.56473586888789,0.6762059659663465,0.782922279530247
Software Engineering,0.9964896384150306,0.726162528085852,0.8706276819034094,0.7133724150224838,0.6827825688102231,0.6404342470575006,0.6264962032060215,0.9145795864732543
Numerical Analysis,1.0695443854838864,0.6409384541685244,1.0861604121314865,0.8461952264844228,1.341249620696424,0.8812541471520053,0.8263970132746798,1.0094135208614303
Digital Libraries,0.7721010327940049,0.5682111550323474,0.7465916458855786,0.6320707036310607,0.6630338659086032,0.5094707977123717,0.5177684360874194,0.7160047960626051
Symbolic Computation,1.2729521617685984,0.7601335797542044,0.8875428637762769,0.8993839319521452,0.9064635346325571,1.099424276640807,1.1049541086354762,1.2383526454702172
Graphics,0.9937108553354088,0.715845074864749,1.0938163174894848,0.5903871709206556,0.813168317865977,0.7194026648471528,0.7135244083269967,1.0066093113062164
Databases,1.2339508611022034,0.7962543842650857,1.1192358384972305,0.9673271152670937,1.0879885601990116,0.8312921318962312,0.8486044279495144,1.1755081753616072
Multiagent Systems,1.207714968667203,0.8708779003107605,1.2141341421674852,0.9984429017847442,1.2185046079960218,0.9269022423656406,0.8340720356852336,1.1477422188438238
Operating Systems,0.9110571208968462,0.6026871821246371,0.5951110873946803,0.6071381958489233,0.7193235342078524,0.5090502190494749,0.5891069862131539,1.0012909190106052
Information Retrieval,1.0074114503671598,0.7068094123310241,1.1163530767715892,0.7083271906446447,0.7975561781266421,0.6691273461488755,0.7342343096734588,0.9227004674320595
Hardware Architecture,0.8980303914381402,0.6476726708577791,0.9206846903430227,0.65892555129634,0.8139442633375229,0.697567307790886,0.7378213879732523,0.999146747602369
Robotics,0.9319196914886667,0.6942824605341501,1.0939133768373739,0.6384870868855103,0.7457316001172871,0.6850859999233806,0.7063278564927347,0.9420722268907302
Computers and Society,0.8245574461512741,0.6117263684071284,0.7282271717564793,0.6136095599396049,0.7270566096559306,0.6008525654731947,0.5362302805131871,0.7659195737124042
Human-Computer Interaction,0.9440760054600162,0.6952378652810917,0.8305642653086699,0.662305571513458,0.7774738506798216,0.7346521273097025,0.6030623029820801,0.924478429330926
Multimedia,0.9232590475049061,0.6743478391637945,1.0305409961975613,0.6394708137637689,0.8644798170211688,0.7029588973241144,0.7945386005471777,0.945213283458123
Social and Information Networks,0.9032486876797181,0.6520528943148346,1.0599852450697258,0.7092272203385515,0.9337677252574037,0.6269765839384773,0.5813812483387591,0.8441263445991237
Systems and Control,1.1396558659163476,0.7643879465728063,1.1653648542436221,0.8974284898161533,1.4909863329139383,0.899415781150907,0.8160908270890519,1.1142340080543687
Emerging Technologies,0.9306171540074188,0.7006728761938313,1.0533405063737524,0.7510649518773181,0.8157344346693715,0.6965937459680991,0.6349099104459256,0.9569480576652888
Formal Languages and Automata Theory,1.0530717082390004,0.6964975749397486,0.8696305143541894,0.8110558239451454,1.0980856989864312,0.8529038980247411,0.9331657104386898,1.1360582865383995
