name,Abstract,Introduction,Background,Related_Work,Methods,Results,Discussion,Conclusion
Computational Complexity,1.2392571326375361,0.7492108341374664,0.9969222619214435,0.9901340299842634,1.15335288845793,0.8058043375651028,1.1298005065994943,1.2574958619847318
Logic in Computer Science,1.0241068908141884,0.7384672851844101,0.8913530189241065,0.8288673612983819,1.0982802420227982,0.9259343369173275,0.864251918756957,0.981048186569316
Information Theory,0.9990911826211231,0.671418296410568,0.9706861743845558,0.9472461611415688,1.5535154336884753,0.8170266620018599,0.8542743405898762,0.9345103677292989
Artificial Intelligence,1.026880227035964,0.7595087741646263,1.1264254900332145,0.7609038183963635,0.9936954078902791,0.7572636952858541,0.8229754818935274,1.007399946456849
Computation and Language,0.8010769460732736,0.5948924834777518,0.9057066778086509,0.6211001735659556,0.7619566466933582,0.5757489468388233,0.6681208820184538,0.7979243011467146
Computational Geometry,1.2255344323665773,0.660462970312227,0.8369085031634881,0.7847499540710887,0.9188372238875616,0.9620605347524785,1.0763410658693051,1.2712201660179454
Machine Learning,0.9868195776953228,0.6969326600075257,1.1425958547862913,0.7600466194455049,1.1899283735428339,0.8270147562152064,0.8461532644871657,1.000211320277696
Data Structures and Algorithms,1.2891382816194539,0.763296483796241,1.0429188161592617,0.9785830121598321,1.1300737993951728,1.012655125992507,1.1806679436828922,1.3423863308353976
Sound,0.7736994364216914,0.5379786233233257,0.9984587708129172,0.6787706995216243,0.7244635858380304,0.5744766119801903,0.7036704293222685,0.7956826071818023
Networking and Internet Architecture,0.9617862337428763,0.6831503703768221,0.886690725475649,0.7816771593493974,1.248408958990828,0.7203859883717645,0.7358105880961157,0.9386696390489183
"Distributed, Parallel, and Cluster Computing",1.0587660877794776,0.74262853793924,0.975158203091842,0.7920156801306952,1.0717271264717345,0.7996499136104894,0.880406497124894,1.0400648588321644
Computer Science and Game Theory,1.1057370588070576,0.7484883249879901,1.0187696900869718,0.9702820190478766,1.2908510983939812,0.8092612768900593,0.8978297335445107,1.0468541755831993
Performance,0.995321374397514,0.7227216953284139,0.8315872877424816,0.7808949535597174,1.1320783789251923,0.7089478166374318,0.8038655543213751,0.9715969773385761
Programming Languages,1.0522247042548551,0.7930130900924975,0.9030596331524695,0.7629864729711545,0.9006214535364109,0.8422869824242526,0.7711480355724811,1.009895622812029
Cryptography and Security,1.002150397536163,0.7274842233923906,0.9531655620202047,0.7755229312913534,1.0419363660322551,0.789254581230432,0.7673695742675389,0.9753313156121192
"Computational Engineering, Finance, and Science",1.0945957945369773,0.7451229450852712,1.0457606115636333,0.9920761531597395,0.9567454671355631,0.7786454141325672,0.7430519985172134,1.007267290767139
Neural and Evolutionary Computation,0.9517063401871769,0.7222445733519797,1.0483212156973816,0.7121498135826838,0.8995807963482033,0.716005108417633,0.7756364618774088,0.9336514616564467
Mathematical Software,1.2088147733670354,0.8907881564657721,1.1665768046103089,0.7722762080975543,0.9417624894407091,0.8834587693779158,1.0256645368832733,1.1023230426594357
Discrete Mathematics,1.1766604422715436,0.7234227517739193,0.8984348625196136,1.0674951778308677,0.9669382559766482,0.8000933307109281,1.150636156917959,1.2194572830126444
Computer Vision and Pattern Recognition,0.773017825059614,0.5671260861519812,1.0931568926025403,0.5634093888825175,0.7502048306076946,0.5993079762541338,0.7310211581263412,0.8384577947253642
Software Engineering,1.0423796928393914,0.7267112318980321,0.8852067293884561,0.7396085339005514,0.7430646506814126,0.6798842071020087,0.5963232569888322,0.9083583888292751
Numerical Analysis,1.1540016582029893,0.7035960311386548,1.0874253803052942,0.8841713868413098,1.3624129450274285,0.9380969586755749,0.9424667480266485,1.056770714448044
Digital Libraries,0.8749349510933286,0.674051804196091,0.781739908787147,0.6885026640355288,0.806419138414777,0.5117989010193431,0.5381548995067297,0.7400332311983177
Symbolic Computation,1.1297667791344181,0.7348020592367186,0.8370018071885218,0.8274944875468679,0.8721867114290558,1.0136469343323191,1.042089820653252,1.1697759326076218
Graphics,0.9873735099436705,0.7118030755096005,1.0712431406252196,0.5923467061287331,0.8161164481680728,0.744074832576044,0.7024499496135121,1.0008512566898806
Databases,1.1816872401021017,0.7876773322238013,1.031427820879222,0.8801737825576614,1.061151258919248,0.7941741810498039,0.8357239226925645,1.1451130270138352
Multiagent Systems,1.176541554451255,0.8669914213145465,1.2088246628446404,0.9414279211592477,1.2125849836712437,0.9321363174293265,0.7836312320388068,1.1383855084611765
Operating Systems,0.7890538512080537,0.5583172984549793,0.5152261108129003,0.5788243872705181,0.5816798945456307,0.4668203861542318,0.5170444916551399,0.7915981093592935
Information Retrieval,1.031785624095824,0.7282994907091689,1.107350436493207,0.7158289857026993,0.8037141365159342,0.6684297095404246,0.7724632548326291,0.9241760257888285
Hardware Architecture,0.8569917032719079,0.6732511778887905,0.8727070825755817,0.6653291681516552,0.8059599420411043,0.6525162179740558,0.688086154769124,0.8812696968216395
Robotics,0.9343246874929994,0.7028736751175844,1.1613207284684137,0.654183602137336,0.8335019696102235,0.7154716514931085,0.7378793485811171,0.9400932475961167
Computers and Society,0.8124841185946861,0.6217189127497943,0.7239495996171857,0.6745901149281845,0.8154191788068547,0.5944653625065565,0.5469047855068354,0.7399757932220202
Human-Computer Interaction,0.918288898789687,0.6630500580075552,0.8199047246661617,0.6741277567845462,0.7780279422337271,0.7230417218346381,0.6198240537215114,0.8647737737992542
Multimedia,0.9094243522884176,0.6572215223047573,1.0132327301330992,0.6420286518765936,0.8880550646152919,0.68713610795389,0.7726663406882894,0.9193625443107897
Social and Information Networks,0.9150812933359073,0.6966950449838014,1.0668317425910163,0.7783677588279324,1.00873291796173,0.636310657328907,0.6391200596187178,0.8566448890847651
Systems and Control,1.2137090950251013,0.8150414871827811,1.219781183463193,0.8505288994144884,1.5384251590837645,0.9652387557011215,0.8633071094917603,1.175284283598518
Emerging Technologies,1.0293084789010716,0.7825367064528463,1.0225542615693088,0.7696248643651085,0.907264404282916,0.77081668763837,0.6893408393482897,1.0385838495556734
Formal Languages and Automata Theory,1.1706389433077116,0.8576715464904541,0.9224337345622518,0.9344248717845265,1.0835013044879263,0.8584711109892034,1.0806121995745273,1.2574581461938477
